Inference for Stan model: bernoulli.
4 chains, each with iter=52500; warmup=50000; thin=1; 
post-warmup draws per chain=2500, total post-warmup draws=10000.

                                                         mean se_mean      sd       2.5%        25%        50%        75%      97.5% n_eff   Rhat
(Intercept)                                           -1.3517  0.0163  0.7732    -2.8820    -1.8756    -1.3478    -0.8306     0.1654  2248 1.0016
aq_categorylow symptoms                                2.2917  0.0168  0.8121     0.6747     1.7506     2.2898     2.8443     3.8695  2350 1.0014
action_categorysimple actions                         -0.8922  0.0034  0.1893    -1.2670    -1.0138    -0.8888    -0.7685    -0.5277  3170 1.0007
aq_score_standard                                      1.3275  0.0112  0.5395     0.2574     0.9666     1.3233     1.6920     2.3864  2302 1.0011
sub_sexm                                               0.2977  0.0052  0.2517    -0.1943     0.1337     0.2939     0.4623     0.8019  2335 1.0004
sub_age_scaled                                         0.4281  0.0039  0.2383    -0.0376     0.2691     0.4254     0.5879     0.9064  3784 1.0004
b[(Intercept) id:0aa8e1585bcfaf9035d0fc80615985f8]    -0.8966  0.0039  0.2916    -1.4795    -1.0871    -0.8946    -0.7007    -0.3352  5467 1.0001
b[(Intercept) id:126a751072e147c94e47d6c16eb5d574]     0.1614  0.0039  0.2783    -0.3688    -0.0274     0.1616     0.3492     0.7046  5218 1.0002
b[(Intercept) id:13e2fcbe5d7416cf9163a0d867f055e0]     0.2043  0.0044  0.2962    -0.3764     0.0092     0.2006     0.3975     0.7986  4438 1.0004
b[(Intercept) id:20d75ca772acbe954b7bb1c24b8822f3]    -0.6396  0.0043  0.2947    -1.2288    -0.8352    -0.6381    -0.4404    -0.0664  4700 1.0001
b[(Intercept) id:229c63439403e4eab08215d11ad77fd8]     0.0839  0.0043  0.2812    -0.4677    -0.1043     0.0854     0.2738     0.6439  4263 1.0009
b[(Intercept) id:289da9a7545e478790a5b7b4049cbdb0]     0.2032  0.0044  0.2960    -0.3766     0.0038     0.2048     0.4051     0.7774  4608 1.0005
b[(Intercept) id:28f19fd7ec0ff4543de374c7e0d8e2c9]     0.5053  0.0055  0.3640    -0.1838     0.2580     0.4973     0.7406     1.2513  4399 1.0005
b[(Intercept) id:2bcb10bd002fa4156fad3e0809b449c3]     0.6071  0.0060  0.3586    -0.0911     0.3644     0.6055     0.8394     1.3306  3606 0.9998
b[(Intercept) id:4500d1d5eb036072a82fbcef27ce49ee]     0.3630  0.0040  0.2949    -0.2007     0.1645     0.3585     0.5598     0.9537  5408 0.9999
b[(Intercept) id:4ed75f821b9cdfc15b09c2859973dfc3]    -0.6401  0.0042  0.2894    -1.2251    -0.8302    -0.6382    -0.4425    -0.0799  4679 1.0003
b[(Intercept) id:64fc690b7e3c85eb8f91e12ed0a91697]    -0.4011  0.0048  0.3195    -1.0186    -0.6175    -0.4035    -0.1926     0.2337  4465 1.0001
b[(Intercept) id:693de3d0f81aa5106cf1f5e88939cd52]    -0.7009  0.0048  0.3113    -1.3292    -0.9071    -0.6936    -0.4926    -0.0986  4204 0.9997
b[(Intercept) id:694c6143ce93bc052d8b8938f0433308]    -0.1142  0.0039  0.2750    -0.6646    -0.2954    -0.1139     0.0693     0.4175  4847 1.0002
b[(Intercept) id:7b311b019110660156c3439da0dbf2ff]     0.5606  0.0049  0.3189    -0.0575     0.3511     0.5550     0.7715     1.2035  4300 1.0000
b[(Intercept) id:8062f187630754573e4b72a7d6760dc2]     0.3017  0.0065  0.3715    -0.4267     0.0547     0.2993     0.5482     1.0269  3263 1.0002
b[(Intercept) id:88935b54952bbea68e7e2d5201aa3739]    -0.0402  0.0046  0.2989    -0.6278    -0.2381    -0.0412     0.1586     0.5503  4279 1.0002
b[(Intercept) id:8ef7d23e669a7eb77648cca862d99858]    -0.0580  0.0045  0.3060    -0.6594    -0.2632    -0.0587     0.1441     0.5425  4665 1.0003
b[(Intercept) id:9998d54e351cc704e85679608dd2e95d]     0.6301  0.0052  0.3528    -0.0430     0.3892     0.6188     0.8620     1.3460  4627 1.0002
b[(Intercept) id:9e29208ad175b7823473d28dc157fa84]     0.3149  0.0047  0.3157    -0.2921     0.1062     0.3112     0.5201     0.9461  4419 0.9997
b[(Intercept) id:ab65e54da1af839a4009651b244239b9]     0.0812  0.0041  0.2879    -0.4851    -0.1091     0.0802     0.2758     0.6478  4859 1.0001
b[(Intercept) id:b55702b2d275863602e6704e046f349d]    -0.1390  0.0081  0.5310    -1.1986    -0.4858    -0.1353     0.2198     0.9070  4273 1.0005
b[(Intercept) id:c42d64fec3ca2d95e9f8932808acca99]    -0.4193  0.0041  0.2906    -1.0057    -0.6121    -0.4112    -0.2265     0.1400  5014 1.0001
b[(Intercept) id:c9f97fd844f151f11cf401a69576d9d9]     0.2033  0.0042  0.2923    -0.3678     0.0076     0.2032     0.3993     0.7805  4822 1.0001
b[(Intercept) id:d290105c8bca9f1a8fe2a126da9b6f8e]    -0.0078  0.0038  0.2804    -0.5539    -0.1972    -0.0102     0.1796     0.5461  5550 1.0000
b[(Intercept) id:d8d148da95b59234d2be3e2711dfd625]    -0.9064  0.0038  0.2778    -1.4572    -1.0931    -0.9039    -0.7157    -0.3779  5412 1.0001
b[(Intercept) id:dfce79aa26ccf25037bfb4260f76ccd2]     0.4066  0.0039  0.2832    -0.1429     0.2154     0.4057     0.5951     0.9574  5401 1.0002
b[(Intercept) id:e080b66c04ae4d88f2d50c5ed7b36660]     0.5050  0.0041  0.2954    -0.0687     0.3043     0.5004     0.7016     1.0978  5180 1.0002
b[(Intercept) id:e2f7d66c256dc60c300d4ea69fc83fc9]     0.1293  0.0049  0.3149    -0.4907    -0.0770     0.1271     0.3407     0.7436  4191 1.0001
b[(Intercept) id:f026674829df48cf95ee32dbcb74e340]     0.3629  0.0055  0.3603    -0.3600     0.1241     0.3616     0.6041     1.0648  4225 1.0004
b[(Intercept) id:f091c41243e2ff8fec9fac98746e8c5d]    -0.7240  0.0049  0.3112    -1.3524    -0.9263    -0.7194    -0.5178    -0.1192  4002 0.9999
b[(Intercept) id:f6251676c71306bc4680f4878bd3aa7e]    -0.8857  0.0047  0.3126    -1.5216    -1.0916    -0.8808    -0.6774    -0.2814  4435 1.0000
b[(Intercept) id:f6eb4ad474b0c3335c5ac3e40aa7113f]     0.6539  0.0043  0.2939     0.0901     0.4555     0.6508     0.8439     1.2537  4647 1.0005
b[(Intercept) id:fb8d1d2b377b8a324c316eec87945484]     0.4923  0.0043  0.3073    -0.1065     0.2889     0.4879     0.6955     1.1077  5222 1.0004
b[(Intercept) id:ff7d7d253cdf16905b50f29695b958b5]    -0.2085  0.0039  0.2900    -0.7763    -0.4008    -0.2098    -0.0132     0.3560  5509 1.0002
b[(Intercept) id:_NEW_id]                              0.0050  0.0060  0.5962    -1.1685    -0.3756    -0.0043     0.3942     1.1681 10000 0.9998
b[(Intercept) action:To_Argue]                        -0.1197  0.0027  0.2109    -0.5372    -0.2564    -0.1204     0.0180     0.2938  6127 1.0007
b[angle0 action:To_Argue]                             -0.0764  0.0019  0.1918    -0.4987    -0.1833    -0.0660     0.0429     0.2809 10000 1.0002
b[angle135 action:To_Argue]                           -0.0020  0.0020  0.1985    -0.4089    -0.1225     0.0024     0.1184     0.3977 10000 1.0002
b[angle247 action:To_Argue]                           -0.0670  0.0021  0.2116    -0.5168    -0.1921    -0.0540     0.0707     0.3237 10000 0.9999
b[(Intercept) action:To_Clean]                        -0.1616  0.0027  0.2121    -0.5960    -0.3009    -0.1579    -0.0171     0.2501  6054 1.0003
b[angle0 action:To_Clean]                              0.0671  0.0020  0.2020    -0.3035    -0.0616     0.0522     0.1795     0.5205 10000 1.0001
b[angle135 action:To_Clean]                           -0.0235  0.0021  0.2066    -0.4549    -0.1464    -0.0192     0.1010     0.3894 10000 0.9999
b[angle247 action:To_Clean]                           -0.0617  0.0021  0.2140    -0.5051    -0.1955    -0.0543     0.0740     0.3459 10000 0.9999
b[(Intercept) action:To_Dance]                         0.7276  0.0042  0.2854     0.2224     0.5260     0.7054     0.9035     1.3507  4714 1.0011
b[angle0 action:To_Dance]                              0.2238  0.0027  0.2689    -0.2427     0.0441     0.1958     0.3824     0.8168 10000 1.0000
b[angle135 action:To_Dance]                           -0.0296  0.0030  0.2670    -0.5897    -0.1919    -0.0230     0.1410     0.4908  7824 0.9999
b[angle247 action:To_Dance]                           -0.2684  0.0040  0.2972    -0.9343    -0.4426    -0.2349    -0.0633     0.2349  5439 1.0003
b[(Intercept) action:To_Fight]                        -0.1001  0.0026  0.2100    -0.5152    -0.2354    -0.0982     0.0346     0.3140  6723 1.0002
b[angle0 action:To_Fight]                             -0.0108  0.0019  0.1915    -0.3947    -0.1242    -0.0122     0.1006     0.3809 10000 1.0002
b[angle135 action:To_Fight]                            0.0616  0.0020  0.1993    -0.3201    -0.0619     0.0503     0.1783     0.4815 10000 0.9997
b[angle247 action:To_Fight]                           -0.0316  0.0021  0.2122    -0.4744    -0.1590    -0.0289     0.1000     0.3822 10000 0.9998
b[(Intercept) action:To_Get_Attention]                -0.0052  0.0030  0.2177    -0.4137    -0.1517    -0.0082     0.1342     0.4423  5377 1.0006
b[angle0 action:To_Get_Attention]                      0.0447  0.0020  0.1989    -0.3449    -0.0765     0.0332     0.1611     0.4706 10000 1.0002
b[angle135 action:To_Get_Attention]                   -0.1395  0.0025  0.2088    -0.6116    -0.2587    -0.1180    -0.0015     0.2266  7081 1.0001
b[angle247 action:To_Get_Attention]                   -0.1299  0.0026  0.2257    -0.6223    -0.2638    -0.1126     0.0197     0.2773  7659 0.9999
b[(Intercept) action:To_Grab]                         -0.2690  0.0026  0.2079    -0.6987    -0.4003    -0.2614    -0.1281     0.1271  6427 1.0003
b[angle0 action:To_Grab]                               0.0064  0.0019  0.1944    -0.3784    -0.1148     0.0007     0.1225     0.4204 10000 1.0000
b[angle135 action:To_Grab]                             0.0290  0.0020  0.2013    -0.3718    -0.0985     0.0253     0.1486     0.4427 10000 1.0002
b[angle247 action:To_Grab]                            -0.0213  0.0021  0.2122    -0.4531    -0.1533    -0.0178     0.1110     0.3916 10000 0.9999
b[(Intercept) action:To_Hammer]                        0.0876  0.0027  0.2043    -0.3066    -0.0464     0.0834     0.2211     0.4996  5911 0.9999
b[angle0 action:To_Hammer]                             0.0705  0.0019  0.1946    -0.2983    -0.0516     0.0550     0.1839     0.4942 10000 0.9998
b[angle135 action:To_Hammer]                          -0.0036  0.0019  0.1918    -0.3839    -0.1215    -0.0066     0.1115     0.3970 10000 1.0001
b[angle247 action:To_Hammer]                           0.0109  0.0020  0.2036    -0.4001    -0.1145     0.0087     0.1338     0.4351 10000 1.0002
b[(Intercept) action:To_Hurry_up]                     -0.0663  0.0026  0.2128    -0.4894    -0.2071    -0.0646     0.0739     0.3514  6801 1.0009
b[angle0 action:To_Hurry_up]                          -0.1226  0.0020  0.2036    -0.5756    -0.2412    -0.1034     0.0097     0.2392 10000 1.0001
b[angle135 action:To_Hurry_up]                         0.0993  0.0021  0.2058    -0.2827    -0.0328     0.0859     0.2185     0.5438 10000 0.9998
b[angle247 action:To_Hurry_up]                         0.0777  0.0022  0.2171    -0.3333    -0.0622     0.0683     0.2070     0.5373 10000 1.0000
b[(Intercept) action:To_Jump]                          0.2229  0.0029  0.2169    -0.1878     0.0783     0.2146     0.3605     0.6723  5588 1.0002
b[angle0 action:To_Jump]                               0.1165  0.0020  0.2034    -0.2628    -0.0122     0.1024     0.2337     0.5675 10000 1.0011
b[angle135 action:To_Jump]                            -0.0679  0.0021  0.2077    -0.5082    -0.1889    -0.0569     0.0633     0.3241 10000 0.9998
b[angle247 action:To_Jump]                            -0.1905  0.0027  0.2297    -0.6945    -0.3256    -0.1698    -0.0352     0.2092  7265 1.0001
b[(Intercept) action:To_Kick]                          0.1424  0.0029  0.2125    -0.2627     0.0021     0.1379     0.2796     0.5809  5495 1.0000
b[angle0 action:To_Kick]                               0.0320  0.0019  0.1884    -0.3480    -0.0809     0.0280     0.1457     0.4200 10000 1.0004
b[angle135 action:To_Kick]                            -0.0699  0.0020  0.2002    -0.5080    -0.1867    -0.0581     0.0603     0.2946 10000 1.0001
b[angle247 action:To_Kick]                            -0.1226  0.0022  0.2156    -0.5917    -0.2482    -0.1058     0.0190     0.2657 10000 0.9999
b[(Intercept) action:To_Lift]                          0.7071  0.0031  0.2405     0.2763     0.5385     0.6933     0.8642     1.2152  5829 1.0001
b[angle0 action:To_Lift]                               0.2029  0.0025  0.2472    -0.2409     0.0379     0.1853     0.3529     0.7336 10000 1.0004
b[angle135 action:To_Lift]                             0.0020  0.0025  0.2463    -0.4932    -0.1525     0.0011     0.1579     0.4953 10000 1.0000
b[angle247 action:To_Lift]                            -0.0778  0.0030  0.2611    -0.6112    -0.2429    -0.0726     0.0900     0.4243  7820 0.9999
b[(Intercept) action:To_Play_a_Sport]                 -0.1328  0.0026  0.2092    -0.5468    -0.2690    -0.1323     0.0024     0.2845  6347 1.0009
b[angle0 action:To_Play_a_Sport]                      -0.0751  0.0019  0.1944    -0.4945    -0.1866    -0.0634     0.0465     0.2933 10000 1.0003
b[angle135 action:To_Play_a_Sport]                     0.0021  0.0019  0.1921    -0.3849    -0.1172     0.0038     0.1209     0.3970 10000 0.9997
b[angle247 action:To_Play_a_Sport]                    -0.0218  0.0021  0.2128    -0.4671    -0.1484    -0.0150     0.1116     0.3923 10000 0.9999
b[(Intercept) action:To_Play_an_Instrument]            0.3749  0.0032  0.2371    -0.0478     0.2107     0.3581     0.5180     0.8836  5399 1.0008
b[angle0 action:To_Play_an_Instrument]                 0.0294  0.0021  0.2099    -0.4106    -0.0950     0.0300     0.1569     0.4520 10000 1.0000
b[angle135 action:To_Play_an_Instrument]               0.0257  0.0022  0.2190    -0.4135    -0.1122     0.0256     0.1611     0.4679 10000 0.9999
b[angle247 action:To_Play_an_Instrument]              -0.1695  0.0028  0.2414    -0.7025    -0.3099    -0.1473    -0.0087     0.2627  7413 0.9999
b[(Intercept) action:To_Point]                        -0.2288  0.0026  0.2093    -0.6548    -0.3632    -0.2219    -0.0884     0.1692  6252 1.0004
b[angle0 action:To_Point]                              0.0652  0.0020  0.2023    -0.2966    -0.0653     0.0523     0.1808     0.5113 10000 1.0003
b[angle135 action:To_Point]                           -0.0502  0.0020  0.2012    -0.4592    -0.1747    -0.0438     0.0763     0.3438 10000 1.0005
b[angle247 action:To_Point]                           -0.0483  0.0021  0.2138    -0.4839    -0.1820    -0.0436     0.0896     0.3752 10000 0.9999
b[(Intercept) action:To_Punch]                        -0.1695  0.0026  0.2062    -0.5829    -0.3057    -0.1694    -0.0305     0.2348  6099 1.0001
b[angle0 action:To_Punch]                              0.0181  0.0019  0.1856    -0.3508    -0.0952     0.0124     0.1275     0.4044 10000 0.9998
b[angle135 action:To_Punch]                           -0.0314  0.0019  0.1948    -0.4385    -0.1501    -0.0289     0.0901     0.3605 10000 1.0000
b[angle247 action:To_Punch]                            0.0068  0.0021  0.2084    -0.4114    -0.1211     0.0076     0.1352     0.4268 10000 1.0004
b[(Intercept) action:To_Push]                          0.0803  0.0029  0.2113    -0.3282    -0.0571     0.0789     0.2141     0.5063  5203 1.0002
b[angle0 action:To_Push]                               0.1729  0.0021  0.2134    -0.1826     0.0269     0.1430     0.2915     0.6599 10000 0.9997
b[angle135 action:To_Push]                            -0.1409  0.0021  0.2122    -0.6081    -0.2645    -0.1237    -0.0007     0.2418 10000 1.0007
b[angle247 action:To_Push]                            -0.0791  0.0022  0.2168    -0.5388    -0.2102    -0.0723     0.0576     0.3382 10000 1.0001
b[(Intercept) action:To_Stretch]                      -0.1448  0.0030  0.2230    -0.5883    -0.2899    -0.1427    -0.0014     0.2981  5615 1.0000
b[angle0 action:To_Stretch]                            0.1067  0.0021  0.2138    -0.2711    -0.0311     0.0838     0.2283     0.5913 10000 1.0003
b[angle135 action:To_Stretch]                         -0.0147  0.0025  0.2197    -0.4746    -0.1468    -0.0124     0.1188     0.4212  7797 1.0000
b[angle247 action:To_Stretch]                         -0.2489  0.0029  0.2473    -0.8116    -0.3881    -0.2190    -0.0773     0.1581  7421 1.0001
b[(Intercept) action:To_Wave]                         -0.2590  0.0026  0.2094    -0.6927    -0.3926    -0.2526    -0.1203     0.1394  6246 1.0001
b[angle0 action:To_Wave]                              -0.0578  0.0020  0.2018    -0.4825    -0.1765    -0.0535     0.0634     0.3523 10000 1.0002
b[angle135 action:To_Wave]                             0.1508  0.0023  0.2135    -0.2225     0.0037     0.1309     0.2769     0.6205  8592 1.0003
b[angle247 action:To_Wave]                            -0.0427  0.0022  0.2213    -0.5041    -0.1748    -0.0407     0.0950     0.3954 10000 0.9999
b[(Intercept) action:_NEW_action]                      0.0003  0.0036  0.3612    -0.7226    -0.2277     0.0011     0.2299     0.7198 10000 0.9997
b[angle0 action:_NEW_action]                          -0.0033  0.0024  0.2401    -0.4983    -0.1406    -0.0018     0.1315     0.4826 10000 1.0000
b[angle135 action:_NEW_action]                         0.0011  0.0026  0.2434    -0.4984    -0.1388    -0.0005     0.1417     0.4956  8910 1.0003
b[angle247 action:_NEW_action]                        -0.0014  0.0026  0.2624    -0.5264    -0.1563    -0.0036     0.1522     0.5336 10000 1.0001
Sigma[id:(Intercept),(Intercept)]                      0.3529  0.0023  0.1203     0.1793     0.2683     0.3327     0.4151     0.6411  2703 1.0017
Sigma[action:(Intercept),(Intercept)]                  0.1316  0.0010  0.0666     0.0426     0.0848     0.1179     0.1635     0.2967  4058 1.0008
Sigma[action:angle0,(Intercept)]                       0.0113  0.0004  0.0315    -0.0537    -0.0051     0.0108     0.0283     0.0758  6947 1.0000
Sigma[action:angle135,(Intercept)]                    -0.0122  0.0005  0.0336    -0.0904    -0.0286    -0.0083     0.0084     0.0444  5286 1.0002
Sigma[action:angle247,(Intercept)]                    -0.0231  0.0006  0.0384    -0.1206    -0.0398    -0.0160     0.0010     0.0336  4107 1.0010
Sigma[action:angle0,angle0]                            0.0590  0.0006  0.0467     0.0065     0.0258     0.0468     0.0787     0.1818  6401 1.0005
Sigma[action:angle135,angle0]                         -0.0007  0.0003  0.0256    -0.0523    -0.0123    -0.0009     0.0094     0.0537  5668 1.0005
Sigma[action:angle247,angle0]                         -0.0057  0.0003  0.0230    -0.0561    -0.0165    -0.0039     0.0059     0.0397  5167 1.0003
Sigma[action:angle135,angle135]                        0.0572  0.0006  0.0404     0.0099     0.0283     0.0474     0.0752     0.1591  5210 1.0008
Sigma[action:angle247,angle135]                        0.0108  0.0004  0.0287    -0.0360    -0.0038     0.0058     0.0216     0.0805  4887 1.0004
Sigma[action:angle247,angle247]                        0.0692  0.0007  0.0492     0.0124     0.0346     0.0570     0.0900     0.1958  4855 1.0007
mean_PPD                                               0.6116  0.0001  0.0128     0.5870     0.6029     0.6115     0.6205     0.6364 10000 0.9999
log-posterior                                      -1638.3537  0.1959 10.1733 -1659.1066 -1645.2202 -1637.9259 -1631.4494 -1619.1041  2696 1.0010

Samples were drawn using NUTS(diag_e) at Fri May 04 21:01:27 2018.
For each parameter, n_eff is a crude measure of effective sample size,
and Rhat is the potential scale reduction factor on split chains (at 
convergence, Rhat=1).

Computed from 10000 by 2448 log-likelihood matrix

           Estimate      SE
elpd_loo -1479.9572 19.6512
p_loo       53.8248  0.9866
looic     2959.9144 39.3024
------
Monte Carlo SE of elpd_loo is 0.0773.

All Pareto k estimates are good (k < 0.5).
See help('pareto-k-diagnostic') for details.
