Inference for Stan model: bernoulli.
4 chains, each with iter=52500; warmup=50000; thin=1; 
post-warmup draws per chain=2500, total post-warmup draws=10000.

                                                                            mean se_mean      sd       2.5%        25%        50%        75%      97.5% n_eff   Rhat
(Intercept)                                                              -1.2684  0.0125  0.8267    -2.8957    -1.8281    -1.2751    -0.7234     0.3682  4377 1.0005
aq_categorylow symptoms                                                   2.1593  0.0133  0.8797     0.4072     1.5728     2.1707     2.7474     3.8902  4372 1.0011
action_categorysimple actions                                            -1.0854  0.0040  0.2865    -1.6568    -1.2717    -1.0878    -0.8961    -0.5181  5145 1.0004
aq_score_standard                                                         1.3527  0.0086  0.5730     0.1996     0.9718     1.3514     1.7403     2.4688  4448 1.0007
sub_sexm                                                                  0.3110  0.0037  0.2553    -0.1875     0.1413     0.3086     0.4804     0.8080  4746 1.0003
sub_age_scaled                                                            0.4431  0.0034  0.2573    -0.0665     0.2714     0.4421     0.6146     0.9555  5859 1.0004
aq_categorylow symptoms:action_categorysimple actions                     0.3001  0.0040  0.3011    -0.2970     0.1009     0.2965     0.5001     0.8969  5698 1.0008
b[(Intercept) id:0aa8e1585bcfaf9035d0fc80615985f8]                       -1.0857  0.0037  0.3747    -1.8411    -1.3325    -1.0761    -0.8290    -0.3755 10000 0.9999
b[action_categorysimple actions id:0aa8e1585bcfaf9035d0fc80615985f8]      0.2920  0.0045  0.4487    -0.6018    -0.0062     0.2931     0.5917     1.1788 10000 1.0001
b[(Intercept) id:126a751072e147c94e47d6c16eb5d574]                        0.0777  0.0037  0.3668    -0.6419    -0.1677     0.0742     0.3226     0.8081 10000 0.9997
b[action_categorysimple actions id:126a751072e147c94e47d6c16eb5d574]      0.1364  0.0043  0.4320    -0.7156    -0.1498     0.1316     0.4349     0.9749 10000 0.9999
b[(Intercept) id:13e2fcbe5d7416cf9163a0d867f055e0]                       -0.1375  0.0038  0.3795    -0.8961    -0.3903    -0.1365     0.1143     0.6015 10000 1.0002
b[action_categorysimple actions id:13e2fcbe5d7416cf9163a0d867f055e0]      0.6374  0.0043  0.4300    -0.1927     0.3451     0.6299     0.9220     1.5039 10000 0.9998
b[(Intercept) id:20d75ca772acbe954b7bb1c24b8822f3]                       -0.7345  0.0038  0.3810    -1.4855    -0.9866    -0.7333    -0.4830     0.0207 10000 1.0007
b[action_categorysimple actions id:20d75ca772acbe954b7bb1c24b8822f3]      0.1476  0.0042  0.4165    -0.6784    -0.1315     0.1509     0.4301     0.9631 10000 0.9998
b[(Intercept) id:229c63439403e4eab08215d11ad77fd8]                        0.1943  0.0038  0.3755    -0.5368    -0.0583     0.1963     0.4420     0.9247 10000 1.0000
b[action_categorysimple actions id:229c63439403e4eab08215d11ad77fd8]     -0.2405  0.0043  0.4266    -1.1000    -0.5187    -0.2395     0.0457     0.5717 10000 0.9998
b[(Intercept) id:289da9a7545e478790a5b7b4049cbdb0]                       -0.1364  0.0038  0.3838    -0.9120    -0.3922    -0.1346     0.1219     0.6104 10000 0.9999
b[action_categorysimple actions id:289da9a7545e478790a5b7b4049cbdb0]      0.6332  0.0043  0.4287    -0.1888     0.3430     0.6277     0.9121     1.4947 10000 1.0000
b[(Intercept) id:28f19fd7ec0ff4543de374c7e0d8e2c9]                        0.5220  0.0049  0.4937    -0.4110     0.1884     0.5124     0.8404     1.5288 10000 1.0001
b[action_categorysimple actions id:28f19fd7ec0ff4543de374c7e0d8e2c9]     -0.0243  0.0050  0.5014    -1.0238    -0.3574    -0.0171     0.3066     0.9502 10000 0.9998
b[(Intercept) id:2bcb10bd002fa4156fad3e0809b449c3]                        0.9291  0.0050  0.5027     0.0043     0.5861     0.9071     1.2581     1.9852 10000 0.9998
b[action_categorysimple actions id:2bcb10bd002fa4156fad3e0809b449c3]     -0.4730  0.0049  0.4945    -1.5027    -0.7899    -0.4560    -0.1387     0.4533 10000 0.9996
b[(Intercept) id:4500d1d5eb036072a82fbcef27ce49ee]                        0.3885  0.0040  0.4007    -0.3789     0.1146     0.3845     0.6515     1.2005 10000 1.0000
b[action_categorysimple actions id:4500d1d5eb036072a82fbcef27ce49ee]     -0.0348  0.0044  0.4429    -0.9322    -0.3307    -0.0321     0.2595     0.8464 10000 0.9999
b[(Intercept) id:4ed75f821b9cdfc15b09c2859973dfc3]                       -0.6805  0.0037  0.3683    -1.4089    -0.9253    -0.6757    -0.4272     0.0262 10000 1.0000
b[action_categorysimple actions id:4ed75f821b9cdfc15b09c2859973dfc3]     -0.0136  0.0044  0.4362    -0.8794    -0.3042    -0.0139     0.2793     0.8263 10000 0.9999
b[(Intercept) id:64fc690b7e3c85eb8f91e12ed0a91697]                        0.0028  0.0044  0.4391    -0.8405    -0.2909    -0.0025     0.2892     0.8853 10000 1.0001
b[action_categorysimple actions id:64fc690b7e3c85eb8f91e12ed0a91697]     -0.7172  0.0046  0.4645    -1.6666    -1.0204    -0.6977    -0.3968     0.1450 10000 0.9998
b[(Intercept) id:693de3d0f81aa5106cf1f5e88939cd52]                       -1.1089  0.0039  0.3943    -1.8945    -1.3733    -1.1002    -0.8421    -0.3570 10000 1.0003
b[action_categorysimple actions id:693de3d0f81aa5106cf1f5e88939cd52]      0.7221  0.0045  0.4461    -0.1393     0.4222     0.7158     1.0161     1.6151 10000 1.0006
b[(Intercept) id:694c6143ce93bc052d8b8938f0433308]                       -0.4970  0.0037  0.3694    -1.2327    -0.7454    -0.4938    -0.2460     0.2136 10000 1.0001
b[action_categorysimple actions id:694c6143ce93bc052d8b8938f0433308]      0.6948  0.0043  0.4339    -0.1413     0.4056     0.6787     0.9826     1.5595 10000 1.0003
b[(Intercept) id:7b311b019110660156c3439da0dbf2ff]                        1.2534  0.0051  0.5067     0.3359     0.9079     1.2278     1.5781     2.3140 10000 1.0003
b[action_categorysimple actions id:7b311b019110660156c3439da0dbf2ff]     -1.0570  0.0053  0.5323    -2.1856    -1.3973    -1.0302    -0.6929    -0.0920 10000 0.9999
b[(Intercept) id:8062f187630754573e4b72a7d6760dc2]                        0.0020  0.0057  0.4543    -0.8809    -0.3013     0.0019     0.3066     0.8908  6382 1.0003
b[action_categorysimple actions id:8062f187630754573e4b72a7d6760dc2]      0.5503  0.0043  0.4334    -0.2871     0.2623     0.5426     0.8387     1.4109 10000 1.0003
b[(Intercept) id:88935b54952bbea68e7e2d5201aa3739]                        0.2763  0.0041  0.4116    -0.5163    -0.0004     0.2745     0.5492     1.1009 10000 1.0001
b[action_categorysimple actions id:88935b54952bbea68e7e2d5201aa3739]     -0.5719  0.0044  0.4449    -1.4866    -0.8619    -0.5596    -0.2684     0.2646 10000 0.9999
b[(Intercept) id:8ef7d23e669a7eb77648cca862d99858]                        0.2942  0.0042  0.4183    -0.5113     0.0161     0.2866     0.5655     1.1462 10000 1.0005
b[action_categorysimple actions id:8ef7d23e669a7eb77648cca862d99858]     -0.6065  0.0044  0.4396    -1.5212    -0.8861    -0.5926    -0.3108     0.2276 10000 1.0000
b[(Intercept) id:9998d54e351cc704e85679608dd2e95d]                        0.1259  0.0045  0.4530    -0.7521    -0.1792     0.1203     0.4320     1.0295 10000 1.0000
b[action_categorysimple actions id:9998d54e351cc704e85679608dd2e95d]      0.8957  0.0053  0.5324    -0.0974     0.5315     0.8768     1.2340     1.9953 10000 1.0000
b[(Intercept) id:9e29208ad175b7823473d28dc157fa84]                        0.1949  0.0042  0.4155    -0.6138    -0.0882     0.1928     0.4765     1.0133 10000 1.0001
b[action_categorysimple actions id:9e29208ad175b7823473d28dc157fa84]      0.2096  0.0044  0.4398    -0.6441    -0.0883     0.2098     0.4972     1.0931 10000 1.0001
b[(Intercept) id:ab65e54da1af839a4009651b244239b9]                        0.0696  0.0037  0.3738    -0.6509    -0.1814     0.0651     0.3170     0.8114 10000 1.0003
b[action_categorysimple actions id:ab65e54da1af839a4009651b244239b9]      0.0201  0.0042  0.4171    -0.7942    -0.2521     0.0201     0.2989     0.8340 10000 0.9999
b[(Intercept) id:b55702b2d275863602e6704e046f349d]                       -0.4262  0.0070  0.6527    -1.7426    -0.8573    -0.4101     0.0124     0.8429  8700 1.0000
b[action_categorysimple actions id:b55702b2d275863602e6704e046f349d]      0.4060  0.0050  0.4959    -0.5437     0.0637     0.4014     0.7394     1.3911 10000 0.9998
b[(Intercept) id:c42d64fec3ca2d95e9f8932808acca99]                       -0.1410  0.0037  0.3696    -0.8514    -0.3883    -0.1407     0.1025     0.5992 10000 0.9997
b[action_categorysimple actions id:c42d64fec3ca2d95e9f8932808acca99]     -0.6861  0.0047  0.4664    -1.6369    -0.9861    -0.6701    -0.3680     0.1940 10000 1.0000
b[(Intercept) id:c9f97fd844f151f11cf401a69576d9d9]                        0.2362  0.0041  0.4056    -0.5433    -0.0367     0.2254     0.5090     1.0503 10000 1.0001
b[action_categorysimple actions id:c9f97fd844f151f11cf401a69576d9d9]     -0.0730  0.0045  0.4505    -0.9788    -0.3699    -0.0692     0.2238     0.8060 10000 1.0000
b[(Intercept) id:d290105c8bca9f1a8fe2a126da9b6f8e]                        0.0740  0.0038  0.3837    -0.6626    -0.1866     0.0715     0.3267     0.8413 10000 1.0012
b[action_categorysimple actions id:d290105c8bca9f1a8fe2a126da9b6f8e]     -0.1644  0.0044  0.4366    -1.0323    -0.4561    -0.1612     0.1348     0.6660 10000 1.0005
b[(Intercept) id:d8d148da95b59234d2be3e2711dfd625]                       -1.0404  0.0036  0.3644    -1.7839    -1.2778    -1.0314    -0.7957    -0.3415 10000 1.0000
b[action_categorysimple actions id:d8d148da95b59234d2be3e2711dfd625]      0.2289  0.0043  0.4251    -0.6086    -0.0510     0.2338     0.5155     1.0643 10000 0.9998
b[(Intercept) id:dfce79aa26ccf25037bfb4260f76ccd2]                        0.4538  0.0038  0.3821    -0.2842     0.2008     0.4470     0.7045     1.2213 10000 1.0000
b[action_categorysimple actions id:dfce79aa26ccf25037bfb4260f76ccd2]     -0.0779  0.0043  0.4337    -0.9361    -0.3629    -0.0814     0.2133     0.7678 10000 1.0000
b[(Intercept) id:e080b66c04ae4d88f2d50c5ed7b36660]                        0.8923  0.0043  0.4294     0.0796     0.5995     0.8802     1.1706     1.7756 10000 1.0000
b[action_categorysimple actions id:e080b66c04ae4d88f2d50c5ed7b36660]     -0.6191  0.0047  0.4739    -1.5907    -0.9268    -0.6000    -0.2913     0.2860 10000 0.9999
b[(Intercept) id:e2f7d66c256dc60c300d4ea69fc83fc9]                        0.4134  0.0042  0.4208    -0.4044     0.1319     0.4061     0.6947     1.2472 10000 1.0003
b[action_categorysimple actions id:e2f7d66c256dc60c300d4ea69fc83fc9]     -0.5021  0.0045  0.4476    -1.4136    -0.7951    -0.4934    -0.1979     0.3480 10000 0.9998
b[(Intercept) id:f026674829df48cf95ee32dbcb74e340]                        0.5138  0.0047  0.4658    -0.3954     0.2005     0.5055     0.8217     1.4482 10000 1.0002
b[action_categorysimple actions id:f026674829df48cf95ee32dbcb74e340]     -0.2523  0.0045  0.4538    -1.1947    -0.5437    -0.2410     0.0496     0.6187 10000 0.9999
b[(Intercept) id:f091c41243e2ff8fec9fac98746e8c5d]                       -0.5464  0.0039  0.3918    -1.3262    -0.8072    -0.5434    -0.2822     0.2283 10000 1.0002
b[action_categorysimple actions id:f091c41243e2ff8fec9fac98746e8c5d]     -0.3957  0.0043  0.4332    -1.2693    -0.6817    -0.3879    -0.1030     0.4266 10000 0.9998
b[(Intercept) id:f6251676c71306bc4680f4878bd3aa7e]                       -1.1796  0.0039  0.3941    -1.9668    -1.4391    -1.1784    -0.9117    -0.4150 10000 1.0001
b[action_categorysimple actions id:f6251676c71306bc4680f4878bd3aa7e]      0.4918  0.0043  0.4343    -0.3545     0.1983     0.4856     0.7772     1.3748 10000 1.0003
b[(Intercept) id:f6eb4ad474b0c3335c5ac3e40aa7113f]                        0.4807  0.0039  0.3868    -0.2797     0.2250     0.4797     0.7328     1.2559 10000 1.0000
b[action_categorysimple actions id:f6eb4ad474b0c3335c5ac3e40aa7113f]      0.3273  0.0044  0.4350    -0.5257     0.0369     0.3216     0.6129     1.1931 10000 1.0002
b[(Intercept) id:fb8d1d2b377b8a324c316eec87945484]                        1.0265  0.0048  0.4764     0.1551     0.6936     1.0064     1.3323     2.0244 10000 1.0004
b[action_categorysimple actions id:fb8d1d2b377b8a324c316eec87945484]     -0.8172  0.0050  0.5005    -1.8649    -1.1374    -0.7946    -0.4662     0.0951 10000 0.9998
b[(Intercept) id:ff7d7d253cdf16905b50f29695b958b5]                       -0.6873  0.0038  0.3760    -1.4289    -0.9386    -0.6848    -0.4382     0.0514 10000 1.0005
b[action_categorysimple actions id:ff7d7d253cdf16905b50f29695b958b5]      0.8849  0.0044  0.4370     0.0692     0.5830     0.8645     1.1720     1.7779 10000 1.0000
b[(Intercept) id:_NEW_id]                                                -0.0039  0.0076  0.7586    -1.4922    -0.4962    -0.0006     0.4895     1.4789 10000 0.9998
b[action_categorysimple actions id:_NEW_id]                               0.0000  0.0071  0.7072    -1.4140    -0.4564     0.0007     0.4589     1.4080 10000 0.9998
b[(Intercept) action:To_Argue]                                           -0.1265  0.0022  0.2169    -0.5497    -0.2691    -0.1303     0.0167     0.3095 10000 0.9998
b[angle0 action:To_Argue]                                                -0.0743  0.0019  0.1936    -0.4965    -0.1879    -0.0624     0.0484     0.2862 10000 1.0001
b[angle135 action:To_Argue]                                               0.0008  0.0020  0.2050    -0.4307    -0.1190     0.0015     0.1273     0.4145 10000 0.9998
b[angle247 action:To_Argue]                                              -0.0722  0.0022  0.2178    -0.5348    -0.2028    -0.0619     0.0694     0.3407 10000 1.0000
b[(Intercept) action:To_Clean]                                           -0.1714  0.0022  0.2216    -0.6165    -0.3127    -0.1715    -0.0244     0.2534 10000 1.0000
b[angle0 action:To_Clean]                                                 0.0742  0.0021  0.2073    -0.2986    -0.0606     0.0555     0.1938     0.5339 10000 1.0000
b[angle135 action:To_Clean]                                              -0.0222  0.0021  0.2055    -0.4436    -0.1466    -0.0185     0.1011     0.3843 10000 0.9999
b[angle247 action:To_Clean]                                              -0.0666  0.0022  0.2237    -0.5436    -0.2004    -0.0579     0.0767     0.3646 10000 0.9998
b[(Intercept) action:To_Dance]                                            0.7619  0.0037  0.2962     0.2507     0.5540     0.7362     0.9483     1.4038  6298 1.0005
b[angle0 action:To_Dance]                                                 0.2276  0.0027  0.2741    -0.2612     0.0494     0.2029     0.3878     0.8307 10000 0.9999
b[angle135 action:To_Dance]                                              -0.0381  0.0027  0.2698    -0.5885    -0.2042    -0.0317     0.1325     0.4903 10000 1.0001
b[angle247 action:To_Dance]                                              -0.2907  0.0031  0.3084    -0.9841    -0.4745    -0.2584    -0.0801     0.2449 10000 1.0002
b[(Intercept) action:To_Fight]                                           -0.1031  0.0022  0.2225    -0.5387    -0.2488    -0.1038     0.0424     0.3297 10000 0.9999
b[angle0 action:To_Fight]                                                -0.0130  0.0020  0.1977    -0.4093    -0.1319    -0.0133     0.1046     0.3905 10000 0.9997
b[angle135 action:To_Fight]                                               0.0664  0.0020  0.2016    -0.3181    -0.0631     0.0557     0.1890     0.5023 10000 0.9997
b[angle247 action:To_Fight]                                              -0.0364  0.0022  0.2204    -0.4953    -0.1695    -0.0335     0.1005     0.4062 10000 0.9998
b[(Intercept) action:To_Get_Attention]                                   -0.0078  0.0023  0.2268    -0.4522    -0.1586    -0.0111     0.1347     0.4519 10000 0.9999
b[angle0 action:To_Get_Attention]                                         0.0459  0.0020  0.2013    -0.3534    -0.0741     0.0392     0.1615     0.4773 10000 0.9999
b[angle135 action:To_Get_Attention]                                      -0.1460  0.0022  0.2185    -0.6424    -0.2709    -0.1227    -0.0002     0.2313 10000 0.9999
b[angle247 action:To_Get_Attention]                                      -0.1389  0.0023  0.2317    -0.6447    -0.2723    -0.1186     0.0122     0.2827 10000 1.0002
b[(Intercept) action:To_Grab]                                            -0.2871  0.0021  0.2145    -0.7285    -0.4226    -0.2774    -0.1431     0.1150 10000 0.9998
b[angle0 action:To_Grab]                                                  0.0089  0.0019  0.1928    -0.3670    -0.1097     0.0034     0.1241     0.4187 10000 1.0000
b[angle135 action:To_Grab]                                                0.0326  0.0020  0.2037    -0.3707    -0.0940     0.0282     0.1551     0.4554 10000 1.0001
b[angle247 action:To_Grab]                                               -0.0190  0.0022  0.2183    -0.4664    -0.1527    -0.0168     0.1184     0.4122 10000 1.0002
b[(Intercept) action:To_Hammer]                                           0.0860  0.0021  0.2072    -0.3179    -0.0495     0.0856     0.2216     0.4997 10000 1.0003
b[angle0 action:To_Hammer]                                                0.0704  0.0019  0.1948    -0.2945    -0.0545     0.0571     0.1857     0.4932 10000 1.0001
b[angle135 action:To_Hammer]                                             -0.0090  0.0019  0.1943    -0.4030    -0.1311    -0.0070     0.1107     0.3820 10000 0.9998
b[angle247 action:To_Hammer]                                              0.0111  0.0021  0.2125    -0.4118    -0.1205     0.0085     0.1437     0.4392 10000 0.9998
b[(Intercept) action:To_Hurry_up]                                        -0.0733  0.0022  0.2174    -0.5023    -0.2174    -0.0705     0.0729     0.3475 10000 0.9999
b[angle0 action:To_Hurry_up]                                             -0.1240  0.0020  0.2034    -0.5772    -0.2389    -0.1030     0.0071     0.2422 10000 1.0002
b[angle135 action:To_Hurry_up]                                            0.1008  0.0022  0.2152    -0.2911    -0.0351     0.0855     0.2224     0.5800 10000 1.0003
b[angle247 action:To_Hurry_up]                                            0.0874  0.0023  0.2268    -0.3357    -0.0601     0.0751     0.2236     0.5753 10000 1.0001
b[(Intercept) action:To_Jump]                                             0.2277  0.0022  0.2203    -0.1911     0.0792     0.2223     0.3661     0.6907 10000 0.9999
b[angle0 action:To_Jump]                                                  0.1212  0.0021  0.2058    -0.2581    -0.0103     0.1059     0.2416     0.5723 10000 0.9998
b[angle135 action:To_Jump]                                               -0.0736  0.0021  0.2109    -0.5311    -0.1973    -0.0606     0.0619     0.3222 10000 0.9999
b[angle247 action:To_Jump]                                               -0.2019  0.0023  0.2335    -0.7182    -0.3379    -0.1832    -0.0438     0.2104 10000 0.9999
b[(Intercept) action:To_Kick]                                             0.1447  0.0021  0.2141    -0.2607     0.0016     0.1369     0.2831     0.5825 10000 1.0003
b[angle0 action:To_Kick]                                                  0.0310  0.0019  0.1911    -0.3554    -0.0838     0.0292     0.1455     0.4165 10000 0.9999
b[angle135 action:To_Kick]                                               -0.0753  0.0020  0.2041    -0.5125    -0.1977    -0.0637     0.0560     0.3051 10000 1.0003
b[angle247 action:To_Kick]                                               -0.1273  0.0022  0.2189    -0.6108    -0.2540    -0.1141     0.0167     0.2637 10000 0.9998
b[(Intercept) action:To_Lift]                                             0.7261  0.0025  0.2468     0.2711     0.5556     0.7146     0.8821     1.2531 10000 1.0000
b[angle0 action:To_Lift]                                                  0.2006  0.0025  0.2517    -0.2449     0.0305     0.1808     0.3514     0.7526 10000 0.9997
b[angle135 action:To_Lift]                                               -0.0071  0.0025  0.2496    -0.5102    -0.1631    -0.0057     0.1530     0.4892 10000 1.0004
b[angle247 action:To_Lift]                                               -0.0896  0.0026  0.2650    -0.6396    -0.2594    -0.0842     0.0868     0.4172 10000 1.0003
b[(Intercept) action:To_Play_a_Sport]                                    -0.1400  0.0022  0.2161    -0.5661    -0.2801    -0.1396    -0.0006     0.2936 10000 0.9999
b[angle0 action:To_Play_a_Sport]                                         -0.0747  0.0019  0.1935    -0.4908    -0.1897    -0.0648     0.0462     0.2955 10000 0.9999
b[angle135 action:To_Play_a_Sport]                                        0.0060  0.0020  0.2007    -0.3940    -0.1152     0.0048     0.1277     0.4178 10000 0.9999
b[angle247 action:To_Play_a_Sport]                                       -0.0217  0.0022  0.2171    -0.4671    -0.1547    -0.0169     0.1139     0.4063 10000 0.9997
b[(Intercept) action:To_Play_an_Instrument]                               0.3898  0.0025  0.2466    -0.0567     0.2211     0.3733     0.5437     0.9148 10000 0.9999
b[angle0 action:To_Play_an_Instrument]                                    0.0262  0.0021  0.2116    -0.4204    -0.0950     0.0269     0.1545     0.4508 10000 1.0002
b[angle135 action:To_Play_an_Instrument]                                  0.0254  0.0022  0.2183    -0.4091    -0.1105     0.0256     0.1600     0.4687 10000 1.0001
b[angle247 action:To_Play_an_Instrument]                                 -0.1851  0.0025  0.2454    -0.7243    -0.3324    -0.1617    -0.0195     0.2472 10000 0.9997
b[(Intercept) action:To_Point]                                           -0.2415  0.0022  0.2153    -0.6868    -0.3761    -0.2368    -0.0989     0.1669 10000 0.9999
b[angle0 action:To_Point]                                                 0.0697  0.0020  0.2019    -0.3027    -0.0585     0.0553     0.1840     0.5221 10000 0.9999
b[angle135 action:To_Point]                                              -0.0466  0.0021  0.2051    -0.4726    -0.1723    -0.0408     0.0812     0.3586 10000 0.9999
b[angle247 action:To_Point]                                              -0.0492  0.0022  0.2207    -0.5066    -0.1859    -0.0407     0.0903     0.3759 10000 0.9998
b[(Intercept) action:To_Punch]                                           -0.1769  0.0021  0.2125    -0.6068    -0.3155    -0.1729    -0.0354     0.2298 10000 1.0000
b[angle0 action:To_Punch]                                                 0.0206  0.0019  0.1929    -0.3605    -0.0964     0.0166     0.1326     0.4257 10000 1.0001
b[angle135 action:To_Punch]                                              -0.0293  0.0020  0.2008    -0.4423    -0.1474    -0.0272     0.0910     0.3722 10000 0.9999
b[angle247 action:To_Punch]                                               0.0031  0.0021  0.2127    -0.4239    -0.1295     0.0039     0.1360     0.4258 10000 1.0000
b[(Intercept) action:To_Push]                                             0.0777  0.0022  0.2155    -0.3455    -0.0621     0.0755     0.2169     0.5026 10000 1.0000
b[angle0 action:To_Push]                                                  0.1749  0.0022  0.2159    -0.1878     0.0269     0.1502     0.3000     0.6629 10000 1.0002
b[angle135 action:To_Push]                                               -0.1460  0.0021  0.2132    -0.6140    -0.2717    -0.1298    -0.0045     0.2317 10000 0.9998
b[angle247 action:To_Push]                                               -0.0817  0.0022  0.2193    -0.5378    -0.2142    -0.0720     0.0569     0.3419 10000 0.9998
b[(Intercept) action:To_Stretch]                                         -0.1508  0.0023  0.2313    -0.6252    -0.2996    -0.1491    -0.0001     0.3084 10000 0.9998
b[angle0 action:To_Stretch]                                               0.1151  0.0022  0.2210    -0.2795    -0.0284     0.0940     0.2442     0.6124 10000 0.9999
b[angle135 action:To_Stretch]                                            -0.0143  0.0022  0.2239    -0.4853    -0.1452    -0.0103     0.1218     0.4379 10000 1.0001
b[angle247 action:To_Stretch]                                            -0.2640  0.0026  0.2597    -0.8443    -0.4143    -0.2383    -0.0838     0.1723 10000 0.9998
b[(Intercept) action:To_Wave]                                            -0.2704  0.0022  0.2179    -0.7232    -0.4089    -0.2614    -0.1262     0.1418 10000 1.0001
b[angle0 action:To_Wave]                                                 -0.0591  0.0020  0.1988    -0.4638    -0.1786    -0.0529     0.0615     0.3332 10000 0.9998
b[angle135 action:To_Wave]                                                0.1544  0.0022  0.2156    -0.2255     0.0107     0.1369     0.2798     0.6287 10000 1.0000
b[angle247 action:To_Wave]                                               -0.0418  0.0023  0.2292    -0.5151    -0.1834    -0.0376     0.1063     0.4008 10000 1.0003
b[(Intercept) action:_NEW_action]                                        -0.0015  0.0038  0.3765    -0.7608    -0.2344    -0.0012     0.2294     0.7564 10000 0.9999
b[angle0 action:_NEW_action]                                              0.0013  0.0025  0.2479    -0.5220    -0.1339     0.0004     0.1391     0.5182 10000 0.9998
b[angle135 action:_NEW_action]                                            0.0040  0.0024  0.2447    -0.4992    -0.1364     0.0095     0.1486     0.4970 10000 0.9999
b[angle247 action:_NEW_action]                                            0.0034  0.0028  0.2757    -0.5605    -0.1536     0.0044     0.1629     0.5694 10000 0.9997
Sigma[id:(Intercept),(Intercept)]                                         0.5810  0.0031  0.2052     0.2852     0.4376     0.5456     0.6877     1.0667  4318 1.0005
Sigma[id:action_categorysimple actions,(Intercept)]                      -0.2991  0.0027  0.1679    -0.6948    -0.3869    -0.2743    -0.1833    -0.0471  3932 1.0006
Sigma[id:action_categorysimple actions,action_categorysimple actions]     0.4953  0.0034  0.2087     0.1897     0.3480     0.4620     0.6041     1.0006  3743 1.0006
Sigma[action:(Intercept),(Intercept)]                                     0.1417  0.0010  0.0731     0.0441     0.0898     0.1271     0.1777     0.3260  5033 1.0006
Sigma[action:angle0,(Intercept)]                                          0.0109  0.0003  0.0338    -0.0593    -0.0061     0.0106     0.0286     0.0802 10000 1.0001
Sigma[action:angle135,(Intercept)]                                       -0.0142  0.0004  0.0353    -0.0976    -0.0314    -0.0094     0.0075     0.0447  7292 1.0005
Sigma[action:angle247,(Intercept)]                                       -0.0251  0.0006  0.0411    -0.1280    -0.0437    -0.0170     0.0007     0.0368  5267 1.0008
Sigma[action:angle0,angle0]                                               0.0613  0.0006  0.0488     0.0063     0.0269     0.0490     0.0817     0.1865  6877 1.0001
Sigma[action:angle135,angle0]                                            -0.0013  0.0003  0.0272    -0.0579    -0.0133    -0.0009     0.0098     0.0577  7883 1.0002
Sigma[action:angle247,angle0]                                            -0.0063  0.0003  0.0241    -0.0604    -0.0177    -0.0045     0.0059     0.0413  6197 1.0002
Sigma[action:angle135,angle135]                                           0.0605  0.0006  0.0430     0.0096     0.0304     0.0506     0.0789     0.1694  5746 1.0001
Sigma[action:angle247,angle135]                                           0.0122  0.0004  0.0308    -0.0358    -0.0041     0.0061     0.0235     0.0876  5060 0.9999
Sigma[action:angle247,angle247]                                           0.0748  0.0007  0.0532     0.0122     0.0377     0.0619     0.0960     0.2159  5866 0.9999
mean_PPD                                                                  0.6116  0.0001  0.0129     0.5862     0.6029     0.6115     0.6205     0.6373 10000 1.0001
log-posterior                                                         -1665.4566  0.2489 12.2070 -1690.3742 -1673.4738 -1665.1728 -1657.0737 -1642.2893  2406 1.0020

Samples were drawn using NUTS(diag_e) at Fri May 04 19:34:31 2018.
For each parameter, n_eff is a crude measure of effective sample size,
and Rhat is the potential scale reduction factor on split chains (at 
convergence, Rhat=1).

Computed from 10000 by 2448 log-likelihood matrix

           Estimate      SE
elpd_loo -1464.0147 20.0355
p_loo       74.7925  1.4682
looic     2928.0294 40.0710
------
Monte Carlo SE of elpd_loo is 0.0933.

All Pareto k estimates are good (k < 0.5).
See help('pareto-k-diagnostic') for details.
