Inference for Stan model: bernoulli.
4 chains, each with iter=52500; warmup=50000; thin=1; 
post-warmup draws per chain=2500, total post-warmup draws=10000.

                                                         mean se_mean      sd       2.5%        25%        50%        75%      97.5% n_eff   Rhat
(Intercept)                                            0.1706  0.0048  0.2385    -0.2950     0.0100     0.1723     0.3280     0.6448  2474 1.0003
sub_sexm                                               0.3036  0.0052  0.2671    -0.2235     0.1278     0.3044     0.4786     0.8276  2673 1.0017
sub_age_scaled                                         0.4285  0.0039  0.2630    -0.0825     0.2510     0.4302     0.6000     0.9465  4589 1.0004
b[(Intercept) id:0aa8e1585bcfaf9035d0fc80615985f8]    -1.1399  0.0036  0.2871    -1.7170    -1.3324    -1.1323    -0.9448    -0.5957  6400 1.0000
b[(Intercept) id:126a751072e147c94e47d6c16eb5d574]    -0.0404  0.0037  0.2717    -0.5738    -0.2201    -0.0398     0.1430     0.4903  5356 0.9999
b[(Intercept) id:13e2fcbe5d7416cf9163a0d867f055e0]     0.1363  0.0036  0.2825    -0.3948    -0.0577     0.1327     0.3233     0.7009  6044 1.0006
b[(Intercept) id:20d75ca772acbe954b7bb1c24b8822f3]    -0.2203  0.0036  0.2715    -0.7586    -0.4002    -0.2196    -0.0397     0.3125  5818 1.0005
b[(Intercept) id:229c63439403e4eab08215d11ad77fd8]    -0.2239  0.0038  0.2713    -0.7619    -0.4033    -0.2193    -0.0426     0.3102  5217 0.9999
b[(Intercept) id:289da9a7545e478790a5b7b4049cbdb0]     0.1400  0.0037  0.2818    -0.4101    -0.0513     0.1390     0.3304     0.6985  5896 1.0002
b[(Intercept) id:28f19fd7ec0ff4543de374c7e0d8e2c9]     1.0338  0.0045  0.3441     0.3807     0.7983     1.0269     1.2551     1.7280  5773 1.0006
b[(Intercept) id:2bcb10bd002fa4156fad3e0809b449c3]     0.7264  0.0045  0.3267     0.0942     0.5057     0.7234     0.9433     1.3700  5246 1.0007
b[(Intercept) id:4500d1d5eb036072a82fbcef27ce49ee]     0.3795  0.0037  0.2852    -0.1629     0.1879     0.3744     0.5700     0.9513  6086 0.9999
b[(Intercept) id:4ed75f821b9cdfc15b09c2859973dfc3]    -0.9760  0.0038  0.2816    -1.5378    -1.1619    -0.9738    -0.7829    -0.4301  5575 1.0005
b[(Intercept) id:64fc690b7e3c85eb8f91e12ed0a91697]     0.0136  0.0042  0.2989    -0.5676    -0.1869     0.0118     0.2152     0.6046  5007 1.0009
b[(Intercept) id:693de3d0f81aa5106cf1f5e88939cd52]    -0.9410  0.0043  0.2987    -1.5341    -1.1395    -0.9437    -0.7389    -0.3613  4796 1.0012
b[(Intercept) id:694c6143ce93bc052d8b8938f0433308]    -0.3305  0.0036  0.2706    -0.8585    -0.5175    -0.3287    -0.1434     0.1969  5797 1.0002
b[(Intercept) id:7b311b019110660156c3439da0dbf2ff]     0.2756  0.0043  0.3126    -0.3208     0.0632     0.2732     0.4848     0.9025  5224 1.0005
b[(Intercept) id:8062f187630754573e4b72a7d6760dc2]    -0.1801  0.0041  0.2969    -0.7634    -0.3818    -0.1815     0.0204     0.4002  5156 1.0005
b[(Intercept) id:88935b54952bbea68e7e2d5201aa3739]    -0.1237  0.0045  0.2992    -0.7068    -0.3254    -0.1241     0.0742     0.4630  4452 1.0003
b[(Intercept) id:8ef7d23e669a7eb77648cca862d99858]     0.3767  0.0037  0.2849    -0.1817     0.1842     0.3759     0.5687     0.9399  5881 1.0003
b[(Intercept) id:9998d54e351cc704e85679608dd2e95d]     1.0681  0.0035  0.3473     0.4213     0.8319     1.0551     1.2956     1.7754 10000 1.0004
b[(Intercept) id:9e29208ad175b7823473d28dc157fa84]     0.5335  0.0029  0.2901    -0.0339     0.3417     0.5262     0.7279     1.1164 10000 0.9999
b[(Intercept) id:ab65e54da1af839a4009651b244239b9]     0.1208  0.0036  0.2733    -0.4019    -0.0647     0.1194     0.3027     0.6648  5795 1.0006
b[(Intercept) id:b55702b2d275863602e6704e046f349d]    -0.0267  0.0081  0.6074    -1.2297    -0.4224    -0.0165     0.3710     1.1596  5692 1.0000
b[(Intercept) id:c42d64fec3ca2d95e9f8932808acca99]    -0.6431  0.0039  0.2959    -1.2334    -0.8414    -0.6401    -0.4431    -0.0813  5799 0.9999
b[(Intercept) id:c9f97fd844f151f11cf401a69576d9d9]     0.2361  0.0042  0.3050    -0.3583     0.0296     0.2339     0.4408     0.8445  5172 1.0006
b[(Intercept) id:d290105c8bca9f1a8fe2a126da9b6f8e]     0.2240  0.0037  0.2787    -0.3154     0.0356     0.2221     0.4123     0.7737  5726 1.0003
b[(Intercept) id:d8d148da95b59234d2be3e2711dfd625]    -0.8102  0.0037  0.2751    -1.3569    -0.9951    -0.8121    -0.6270    -0.2745  5655 1.0001
b[(Intercept) id:dfce79aa26ccf25037bfb4260f76ccd2]     0.3179  0.0036  0.2763    -0.2223     0.1283     0.3137     0.5041     0.8633  5865 1.0000
b[(Intercept) id:e080b66c04ae4d88f2d50c5ed7b36660]     0.5599  0.0029  0.2869     0.0029     0.3668     0.5597     0.7476     1.1348 10000 1.0002
b[(Intercept) id:e2f7d66c256dc60c300d4ea69fc83fc9]    -0.0456  0.0043  0.2997    -0.6306    -0.2461    -0.0441     0.1516     0.5460  4762 1.0007
b[(Intercept) id:f026674829df48cf95ee32dbcb74e340]     0.1780  0.0052  0.3736    -0.5523    -0.0737     0.1791     0.4233     0.9193  5231 1.0007
b[(Intercept) id:f091c41243e2ff8fec9fac98746e8c5d]    -0.8291  0.0049  0.3170    -1.4682    -1.0393    -0.8204    -0.6163    -0.2155  4158 1.0004
b[(Intercept) id:f6251676c71306bc4680f4878bd3aa7e]    -1.1317  0.0042  0.3019    -1.7352    -1.3341    -1.1262    -0.9247    -0.5425  5121 1.0007
b[(Intercept) id:f6eb4ad474b0c3335c5ac3e40aa7113f]     0.3706  0.0038  0.2881    -0.1995     0.1780     0.3671     0.5637     0.9398  5878 1.0000
b[(Intercept) id:fb8d1d2b377b8a324c316eec87945484]     0.8514  0.0037  0.2956     0.2957     0.6501     0.8449     1.0449     1.4406  6364 0.9999
b[(Intercept) id:ff7d7d253cdf16905b50f29695b958b5]     0.1216  0.0038  0.2784    -0.4224    -0.0642     0.1237     0.3069     0.6719  5411 1.0000
b[(Intercept) id:_NEW_id]                             -0.0027  0.0069  0.6859    -1.3400    -0.4522     0.0003     0.4507     1.3356 10000 1.0000
b[(Intercept) action:To_Argue]                         0.2621  0.0037  0.2565    -0.2287     0.0877     0.2527     0.4286     0.7831  4731 0.9997
b[angle0 action:To_Argue]                             -0.0631  0.0021  0.2098    -0.5162    -0.1858    -0.0517     0.0683     0.3313 10000 0.9997
b[angle135 action:To_Argue]                            0.0044  0.0023  0.2296    -0.4575    -0.1352     0.0057     0.1434     0.4680 10000 0.9999
b[angle247 action:To_Argue]                           -0.1033  0.0025  0.2487    -0.6111    -0.2550    -0.0955     0.0574     0.3745 10000 0.9998
b[(Intercept) action:To_Clean]                         0.1877  0.0036  0.2544    -0.3041     0.0175     0.1814     0.3528     0.7081  4986 1.0000
b[angle0 action:To_Clean]                              0.1172  0.0022  0.2196    -0.2761    -0.0223     0.0961     0.2424     0.6144 10000 1.0006
b[angle135 action:To_Clean]                           -0.0178  0.0023  0.2322    -0.4850    -0.1581    -0.0159     0.1264     0.4523 10000 0.9996
b[angle247 action:To_Clean]                           -0.0884  0.0025  0.2505    -0.6053    -0.2442    -0.0833     0.0682     0.4056 10000 0.9997
b[(Intercept) action:To_Dance]                         1.3519  0.0051  0.3408     0.7585     1.1145     1.3310     1.5648     2.0694  4416 1.0001
b[angle0 action:To_Dance]                              0.1421  0.0030  0.3047    -0.4228    -0.0540     0.1275     0.3218     0.7964 10000 0.9999
b[angle135 action:To_Dance]                           -0.0464  0.0035  0.3205    -0.7080    -0.2526    -0.0373     0.1654     0.5652  8213 0.9999
b[angle247 action:To_Dance]                           -0.4610  0.0047  0.3637    -1.2638    -0.6856    -0.4357    -0.2077     0.1755  6031 1.0000
b[(Intercept) action:To_Fight]                         0.2721  0.0036  0.2548    -0.2081     0.0978     0.2682     0.4387     0.7846  5031 1.0006
b[angle0 action:To_Fight]                              0.0113  0.0021  0.2112    -0.4153    -0.1155     0.0091     0.1375     0.4404 10000 0.9999
b[angle135 action:To_Fight]                            0.1001  0.0024  0.2351    -0.3533    -0.0518     0.0896     0.2406     0.6054 10000 0.9998
b[angle247 action:To_Fight]                           -0.0565  0.0025  0.2493    -0.5571    -0.2136    -0.0519     0.1009     0.4303 10000 1.0001
b[(Intercept) action:To_Get_Attention]                 0.4000  0.0040  0.2678    -0.0909     0.2202     0.3934     0.5697     0.9531  4434 0.9999
b[angle0 action:To_Get_Attention]                      0.0629  0.0022  0.2193    -0.3628    -0.0733     0.0548     0.1945     0.5096 10000 1.0004
b[angle135 action:To_Get_Attention]                   -0.1822  0.0025  0.2502    -0.7366    -0.3323    -0.1595    -0.0118     0.2527 10000 0.9999
b[angle247 action:To_Get_Attention]                   -0.2100  0.0032  0.2704    -0.8046    -0.3691    -0.1912    -0.0288     0.2769  7347 1.0002
b[(Intercept) action:To_Grab]                         -0.7245  0.0034  0.2500    -1.2343    -0.8875    -0.7179    -0.5554    -0.2474  5376 1.0001
b[angle0 action:To_Grab]                               0.0481  0.0023  0.2269    -0.3863    -0.0961     0.0349     0.1804     0.5325 10000 0.9999
b[angle135 action:To_Grab]                             0.0268  0.0025  0.2453    -0.4440    -0.1366     0.0226     0.1844     0.5298 10000 0.9997
b[angle247 action:To_Grab]                             0.0222  0.0026  0.2617    -0.5049    -0.1436     0.0280     0.1923     0.5332 10000 1.0001
b[(Intercept) action:To_Hammer]                       -0.2870  0.0036  0.2465    -0.7732    -0.4539    -0.2879    -0.1223     0.1910  4724 1.0000
b[angle0 action:To_Hammer]                             0.0637  0.0021  0.2062    -0.3231    -0.0657     0.0516     0.1849     0.5026 10000 0.9999
b[angle135 action:To_Hammer]                          -0.0200  0.0023  0.2296    -0.4887    -0.1643    -0.0165     0.1263     0.4308 10000 0.9999
b[angle247 action:To_Hammer]                           0.0335  0.0024  0.2435    -0.4562    -0.1208     0.0322     0.1820     0.5260 10000 1.0000
b[(Intercept) action:To_Hurry_up]                      0.3200  0.0035  0.2573    -0.1801     0.1460     0.3149     0.4886     0.8381  5350 0.9999
b[angle0 action:To_Hurry_up]                          -0.1314  0.0022  0.2233    -0.6270    -0.2597    -0.1132     0.0154     0.2669 10000 1.0000
b[angle135 action:To_Hurry_up]                         0.1571  0.0025  0.2513    -0.3020    -0.0076     0.1411     0.3060     0.7011 10000 1.0004
b[angle247 action:To_Hurry_up]                         0.0944  0.0027  0.2672    -0.4061    -0.0796     0.0807     0.2593     0.6520 10000 0.9999
b[(Intercept) action:To_Jump]                         -0.0987  0.0040  0.2526    -0.5812    -0.2692    -0.1023     0.0673     0.4142  3999 0.9999
b[angle0 action:To_Jump]                               0.0964  0.0022  0.2179    -0.3199    -0.0390     0.0832     0.2251     0.5636 10000 0.9998
b[angle135 action:To_Jump]                            -0.1259  0.0027  0.2442    -0.6554    -0.2715    -0.1076     0.0350     0.3243  7890 1.0003
b[angle247 action:To_Jump]                            -0.2557  0.0029  0.2660    -0.8445    -0.4142    -0.2324    -0.0715     0.2089  8466 1.0000
b[(Intercept) action:To_Kick]                         -0.1957  0.0038  0.2473    -0.6705    -0.3627    -0.2011    -0.0344     0.3045  4274 1.0001
b[angle0 action:To_Kick]                               0.0076  0.0021  0.2113    -0.4221    -0.1206     0.0075     0.1358     0.4404 10000 0.9997
b[angle135 action:To_Kick]                            -0.1210  0.0024  0.2386    -0.6448    -0.2614    -0.1069     0.0362     0.3151 10000 1.0001
b[angle247 action:To_Kick]                            -0.1555  0.0026  0.2568    -0.7008    -0.3178    -0.1388     0.0178     0.3175 10000 0.9998
b[(Intercept) action:To_Lift]                          0.5012  0.0038  0.2633     0.0071     0.3195     0.4954     0.6727     1.0348  4882 1.0005
b[angle0 action:To_Lift]                               0.1057  0.0023  0.2273    -0.3149    -0.0371     0.0881     0.2374     0.6092 10000 0.9998
b[angle135 action:To_Lift]                            -0.0213  0.0024  0.2418    -0.5174    -0.1723    -0.0171     0.1300     0.4597 10000 0.9999
b[angle247 action:To_Lift]                            -0.1386  0.0026  0.2593    -0.6681    -0.3029    -0.1358     0.0323     0.3587 10000 1.0000
b[(Intercept) action:To_Play_a_Sport]                  0.2396  0.0036  0.2529    -0.2460     0.0701     0.2342     0.4103     0.7452  4836 1.0000
b[angle0 action:To_Play_a_Sport]                      -0.0571  0.0021  0.2087    -0.5083    -0.1782    -0.0465     0.0716     0.3372 10000 0.9997
b[angle135 action:To_Play_a_Sport]                     0.0243  0.0023  0.2293    -0.4285    -0.1201     0.0206     0.1708     0.4873 10000 0.9999
b[angle247 action:To_Play_a_Sport]                    -0.0459  0.0025  0.2454    -0.5547    -0.1977    -0.0410     0.1092     0.4426 10000 0.9999
b[(Intercept) action:To_Play_an_Instrument]            0.8895  0.0040  0.2904     0.3634     0.6879     0.8773     1.0778     1.4996  5374 0.9999
b[angle0 action:To_Play_an_Instrument]                -0.0268  0.0024  0.2425    -0.5404    -0.1719    -0.0165     0.1253     0.4460 10000 0.9998
b[angle135 action:To_Play_an_Instrument]               0.0367  0.0027  0.2688    -0.5174    -0.1317     0.0390     0.2122     0.5640 10000 1.0000
b[angle247 action:To_Play_an_Instrument]              -0.2837  0.0029  0.2895    -0.8894    -0.4623    -0.2686    -0.0870     0.2504 10000 1.0000
b[(Intercept) action:To_Point]                        -0.6765  0.0035  0.2519    -1.1767    -0.8431    -0.6763    -0.5047    -0.1890  5063 1.0006
b[angle0 action:To_Point]                              0.1113  0.0023  0.2320    -0.3123    -0.0387     0.0939     0.2483     0.6183 10000 1.0000
b[angle135 action:To_Point]                           -0.0801  0.0025  0.2459    -0.5819    -0.2349    -0.0761     0.0754     0.3943 10000 1.0003
b[angle247 action:To_Point]                           -0.0257  0.0026  0.2610    -0.5728    -0.1897    -0.0187     0.1451     0.4764 10000 1.0002
b[(Intercept) action:To_Punch]                        -0.5992  0.0033  0.2451    -1.0872    -0.7618    -0.5929    -0.4333    -0.1281  5420 1.0001
b[angle0 action:To_Punch]                              0.0447  0.0022  0.2209    -0.3847    -0.0918     0.0353     0.1776     0.5231 10000 0.9998
b[angle135 action:To_Punch]                           -0.0513  0.0024  0.2357    -0.5310    -0.2000    -0.0497     0.1024     0.4056 10000 1.0000
b[angle247 action:To_Punch]                            0.0402  0.0026  0.2560    -0.4772    -0.1240     0.0436     0.2075     0.5408 10000 1.0001
b[(Intercept) action:To_Push]                         -0.2984  0.0036  0.2475    -0.7851    -0.4658    -0.2990    -0.1326     0.1931  4712 1.0002
b[angle0 action:To_Push]                               0.1840  0.0023  0.2298    -0.2119     0.0299     0.1562     0.3223     0.6983 10000 1.0002
b[angle135 action:To_Push]                            -0.2066  0.0025  0.2500    -0.7457    -0.3612    -0.1871    -0.0365     0.2410 10000 1.0002
b[angle247 action:To_Push]                            -0.0934  0.0026  0.2593    -0.6441    -0.2501    -0.0809     0.0800     0.3862 10000 1.0000
b[(Intercept) action:To_Stretch]                       0.2292  0.0040  0.2594    -0.2635     0.0546     0.2248     0.4010     0.7445  4297 1.0003
b[angle0 action:To_Stretch]                            0.1570  0.0023  0.2325    -0.2553     0.0024     0.1372     0.2909     0.6750 10000 1.0002
b[angle135 action:To_Stretch]                         -0.0222  0.0025  0.2452    -0.5320    -0.1732    -0.0157     0.1310     0.4617 10000 1.0000
b[angle247 action:To_Stretch]                         -0.3435  0.0032  0.2815    -0.9670    -0.5172    -0.3201    -0.1460     0.1432  7857 1.0006
b[(Intercept) action:To_Wave]                         -0.7107  0.0034  0.2501    -1.2343    -0.8726    -0.7052    -0.5418    -0.2383  5480 0.9998
b[angle0 action:To_Wave]                              -0.0215  0.0023  0.2294    -0.4869    -0.1608    -0.0198     0.1183     0.4437 10000 0.9998
b[angle135 action:To_Wave]                             0.1895  0.0026  0.2604    -0.2723     0.0124     0.1732     0.3522     0.7514 10000 1.0000
b[angle247 action:To_Wave]                             0.0022  0.0028  0.2769    -0.5601    -0.1722     0.0063     0.1819     0.5484 10000 1.0000
b[(Intercept) action:_NEW_action]                     -0.0046  0.0058  0.5765    -1.1395    -0.3821     0.0016     0.3687     1.1491 10000 1.0001
b[angle0 action:_NEW_action]                          -0.0010  0.0026  0.2645    -0.5519    -0.1508     0.0007     0.1466     0.5485 10000 0.9997
b[angle135 action:_NEW_action]                         0.0032  0.0030  0.2971    -0.5998    -0.1744    -0.0004     0.1838     0.6146 10000 0.9998
b[angle247 action:_NEW_action]                         0.0009  0.0035  0.3333    -0.6735    -0.1988     0.0000     0.1970     0.6878  9306 0.9999
Sigma[id:(Intercept),(Intercept)]                      0.4588  0.0027  0.1474     0.2457     0.3555     0.4337     0.5350     0.8116  2995 1.0000
Sigma[action:(Intercept),(Intercept)]                  0.3331  0.0021  0.1327     0.1469     0.2399     0.3092     0.3991     0.6596  4153 1.0009
Sigma[action:angle0,(Intercept)]                      -0.0108  0.0006  0.0553    -0.1347    -0.0395    -0.0065     0.0217     0.0915  8429 1.0004
Sigma[action:angle135,(Intercept)]                    -0.0100  0.0007  0.0559    -0.1335    -0.0400    -0.0058     0.0238     0.0910  6391 1.0004
Sigma[action:angle247,(Intercept)]                    -0.0606  0.0012  0.0720    -0.2323    -0.0967    -0.0489    -0.0129     0.0483  3833 0.9998
Sigma[action:angle0,angle0]                            0.0717  0.0007  0.0562     0.0082     0.0322     0.0577     0.0953     0.2149  6528 1.0001
Sigma[action:angle135,angle0]                         -0.0003  0.0005  0.0335    -0.0676    -0.0152    -0.0005     0.0136     0.0708  4518 1.0010
Sigma[action:angle247,angle0]                         -0.0069  0.0004  0.0319    -0.0739    -0.0231    -0.0056     0.0095     0.0561  5755 0.9998
Sigma[action:angle135,angle135]                        0.0877  0.0008  0.0580     0.0171     0.0470     0.0743     0.1132     0.2347  4798 1.0001
Sigma[action:angle247,angle135]                        0.0243  0.0007  0.0455    -0.0429    -0.0027     0.0151     0.0425     0.1391  4475 1.0002
Sigma[action:angle247,angle247]                        0.1118  0.0010  0.0721     0.0234     0.0616     0.0950     0.1443     0.2949  4882 1.0009
mean_PPD                                               0.6115  0.0001  0.0129     0.5862     0.6029     0.6115     0.6201     0.6368 10000 1.0001
log-posterior                                      -1634.5701  0.2018 10.2247 -1655.1966 -1641.1656 -1634.3860 -1627.4627 -1615.4968  2568 1.0004

Samples were drawn using NUTS(diag_e) at Fri May 04 21:55:38 2018.
For each parameter, n_eff is a crude measure of effective sample size,
and Rhat is the potential scale reduction factor on split chains (at 
convergence, Rhat=1).

Computed from 10000 by 2448 log-likelihood matrix

           Estimate      SE
elpd_loo -1481.6190 19.4917
p_loo       59.7181  1.0766
looic     2963.2380 38.9835
------
Monte Carlo SE of elpd_loo is 0.0817.

All Pareto k estimates are good (k < 0.5).
See help('pareto-k-diagnostic') for details.
