Inference for Stan model: continuous.
4 chains, each with iter=52500; warmup=50000; thin=1; 
post-warmup draws per chain=2500, total post-warmup draws=10000.

                                                                            mean se_mean      sd       2.5%        25%        50%        75%      97.5% n_eff   Rhat
(Intercept)                                                               0.2238  0.0025  0.1767    -0.1280     0.1065     0.2263     0.3420     0.5643  4898 1.0004
aq_categorylow symptoms                                                   0.4755  0.0027  0.1885     0.1074     0.3486     0.4726     0.6015     0.8486  4872 1.0002
action_categorysimple actions                                            -0.2206  0.0007  0.0555    -0.3280    -0.2576    -0.2208    -0.1851    -0.1082  5969 0.9999
aq_score_standard                                                         0.2902  0.0017  0.1231     0.0509     0.2087     0.2877     0.3719     0.5332  5027 1.0003
sub_sexm                                                                  0.0532  0.0007  0.0522    -0.0491     0.0184     0.0533     0.0879     0.1569  5822 1.0006
sub_age_scaled                                                            0.0856  0.0006  0.0504    -0.0145     0.0523     0.0860     0.1187     0.1837  7494 1.0002
aq_categorylow symptoms:action_categorysimple actions                     0.0559  0.0007  0.0588    -0.0608     0.0165     0.0561     0.0954     0.1709  7163 1.0000
b[(Intercept) id:0aa8e1585bcfaf9035d0fc80615985f8]                       -0.2217  0.0007  0.0732    -0.3693    -0.2701    -0.2199    -0.1716    -0.0817 10226 0.9998
b[action_categorysimple actions id:0aa8e1585bcfaf9035d0fc80615985f8]      0.0435  0.0007  0.0870    -0.1275    -0.0147     0.0429     0.1004     0.2173 14106 0.9999
b[(Intercept) id:126a751072e147c94e47d6c16eb5d574]                        0.0293  0.0007  0.0724    -0.1130    -0.0200     0.0298     0.0781     0.1702 10195 0.9999
b[action_categorysimple actions id:126a751072e147c94e47d6c16eb5d574]      0.0140  0.0007  0.0840    -0.1524    -0.0417     0.0147     0.0694     0.1785 15417 0.9999
b[(Intercept) id:13e2fcbe5d7416cf9163a0d867f055e0]                        0.0103  0.0008  0.0766    -0.1405    -0.0409     0.0099     0.0629     0.1593  9219 1.0004
b[action_categorysimple actions id:13e2fcbe5d7416cf9163a0d867f055e0]      0.1034  0.0007  0.0854    -0.0595     0.0453     0.1020     0.1603     0.2723 14641 1.0000
b[(Intercept) id:20d75ca772acbe954b7bb1c24b8822f3]                       -0.1491  0.0008  0.0784    -0.3027    -0.2006    -0.1486    -0.0974     0.0045  8621 1.0000
b[action_categorysimple actions id:20d75ca772acbe954b7bb1c24b8822f3]      0.0105  0.0006  0.0839    -0.1516    -0.0461     0.0110     0.0671     0.1745 16902 0.9997
b[(Intercept) id:229c63439403e4eab08215d11ad77fd8]                        0.0512  0.0008  0.0743    -0.0944     0.0011     0.0510     0.1009     0.1973  9400 1.0001
b[action_categorysimple actions id:229c63439403e4eab08215d11ad77fd8]     -0.0661  0.0007  0.0850    -0.2367    -0.1222    -0.0653    -0.0103     0.0998 13507 0.9998
b[(Intercept) id:289da9a7545e478790a5b7b4049cbdb0]                       -0.0156  0.0008  0.0758    -0.1634    -0.0660    -0.0149     0.0358     0.1315  9211 1.0007
b[action_categorysimple actions id:289da9a7545e478790a5b7b4049cbdb0]      0.1262  0.0007  0.0857    -0.0379     0.0673     0.1241     0.1834     0.2971 13681 1.0001
b[(Intercept) id:28f19fd7ec0ff4543de374c7e0d8e2c9]                        0.0654  0.0009  0.0840    -0.0959     0.0091     0.0643     0.1205     0.2325  7897 1.0007
b[action_categorysimple actions id:28f19fd7ec0ff4543de374c7e0d8e2c9]      0.0285  0.0006  0.0848    -0.1371    -0.0279     0.0272     0.0837     0.1990 17415 0.9997
b[(Intercept) id:2bcb10bd002fa4156fad3e0809b449c3]                        0.1424  0.0009  0.0841    -0.0206     0.0855     0.1418     0.1992     0.3097  8322 1.0002
b[action_categorysimple actions id:2bcb10bd002fa4156fad3e0809b449c3]     -0.0336  0.0007  0.0863    -0.2001    -0.0924    -0.0333     0.0241     0.1356 16363 0.9998
b[(Intercept) id:4500d1d5eb036072a82fbcef27ce49ee]                        0.0817  0.0007  0.0746    -0.0654     0.0323     0.0810     0.1319     0.2300  9924 0.9998
b[action_categorysimple actions id:4500d1d5eb036072a82fbcef27ce49ee]     -0.0014  0.0007  0.0852    -0.1693    -0.0580    -0.0013     0.0544     0.1655 13871 0.9999
b[(Intercept) id:4ed75f821b9cdfc15b09c2859973dfc3]                       -0.1338  0.0008  0.0750    -0.2818    -0.1828    -0.1338    -0.0836     0.0125  9979 0.9998
b[action_categorysimple actions id:4ed75f821b9cdfc15b09c2859973dfc3]     -0.0211  0.0007  0.0849    -0.1905    -0.0786    -0.0200     0.0363     0.1444 14890 0.9999
b[(Intercept) id:64fc690b7e3c85eb8f91e12ed0a91697]                       -0.0155  0.0009  0.0798    -0.1706    -0.0700    -0.0158     0.0383     0.1414  8565 1.0007
b[action_categorysimple actions id:64fc690b7e3c85eb8f91e12ed0a91697]     -0.1322  0.0007  0.0872    -0.3085    -0.1901    -0.1287    -0.0739     0.0344 14250 0.9998
b[(Intercept) id:693de3d0f81aa5106cf1f5e88939cd52]                       -0.2071  0.0008  0.0804    -0.3696    -0.2588    -0.2068    -0.1530    -0.0534  9350 1.0001
b[action_categorysimple actions id:693de3d0f81aa5106cf1f5e88939cd52]      0.1221  0.0008  0.0889    -0.0458     0.0617     0.1202     0.1812     0.2996 12884 0.9998
b[(Intercept) id:694c6143ce93bc052d8b8938f0433308]                       -0.0889  0.0007  0.0724    -0.2312    -0.1374    -0.0871    -0.0409     0.0509  9330 0.9999
b[action_categorysimple actions id:694c6143ce93bc052d8b8938f0433308]      0.1251  0.0008  0.0862    -0.0382     0.0663     0.1226     0.1825     0.3003 11526 0.9997
b[(Intercept) id:7b311b019110660156c3439da0dbf2ff]                        0.2124  0.0009  0.0809     0.0597     0.1578     0.2097     0.2662     0.3761  7468 1.0001
b[action_categorysimple actions id:7b311b019110660156c3439da0dbf2ff]     -0.1617  0.0008  0.0884    -0.3372    -0.2204    -0.1600    -0.1018     0.0071 10950 1.0000
b[(Intercept) id:8062f187630754573e4b72a7d6760dc2]                        0.0231  0.0010  0.0914    -0.1565    -0.0382     0.0235     0.0838     0.2015  7698 0.9999
b[action_categorysimple actions id:8062f187630754573e4b72a7d6760dc2]      0.1089  0.0007  0.0851    -0.0532     0.0516     0.1073     0.1646     0.2819 15637 0.9999
b[(Intercept) id:88935b54952bbea68e7e2d5201aa3739]                        0.0725  0.0008  0.0767    -0.0777     0.0213     0.0716     0.1232     0.2272 10433 1.0002
b[action_categorysimple actions id:88935b54952bbea68e7e2d5201aa3739]     -0.1277  0.0007  0.0863    -0.3020    -0.1850    -0.1266    -0.0694     0.0384 13890 0.9998
b[(Intercept) id:8ef7d23e669a7eb77648cca862d99858]                        0.0413  0.0009  0.0781    -0.1123    -0.0111     0.0406     0.0937     0.1982  8202 1.0002
b[action_categorysimple actions id:8ef7d23e669a7eb77648cca862d99858]     -0.1154  0.0007  0.0842    -0.2905    -0.1700    -0.1138    -0.0583     0.0455 14565 0.9998
b[(Intercept) id:9998d54e351cc704e85679608dd2e95d]                        0.0147  0.0009  0.0809    -0.1429    -0.0391     0.0149     0.0678     0.1756  7508 1.0017
b[action_categorysimple actions id:9998d54e351cc704e85679608dd2e95d]      0.1864  0.0008  0.0898     0.0146     0.1253     0.1832     0.2473     0.3663 11811 1.0001
b[(Intercept) id:9e29208ad175b7823473d28dc157fa84]                        0.0453  0.0009  0.0793    -0.1090    -0.0079     0.0451     0.0974     0.2009  8652 0.9999
b[action_categorysimple actions id:9e29208ad175b7823473d28dc157fa84]      0.0457  0.0007  0.0842    -0.1181    -0.0113     0.0455     0.1015     0.2145 14869 0.9999
b[(Intercept) id:ab65e54da1af839a4009651b244239b9]                        0.0195  0.0007  0.0739    -0.1241    -0.0300     0.0194     0.0680     0.1660 10619 1.0002
b[action_categorysimple actions id:ab65e54da1af839a4009651b244239b9]     -0.0033  0.0006  0.0846    -0.1717    -0.0596    -0.0029     0.0530     0.1631 17056 0.9999
b[(Intercept) id:b55702b2d275863602e6704e046f349d]                       -0.0779  0.0013  0.1218    -0.3207    -0.1579    -0.0785     0.0029     0.1618  8859 1.0004
b[action_categorysimple actions id:b55702b2d275863602e6704e046f349d]      0.0778  0.0007  0.0855    -0.0846     0.0212     0.0760     0.1333     0.2503 17092 0.9999
b[(Intercept) id:c42d64fec3ca2d95e9f8932808acca99]                       -0.0255  0.0008  0.0753    -0.1750    -0.0766    -0.0248     0.0245     0.1206  8860 1.0000
b[action_categorysimple actions id:c42d64fec3ca2d95e9f8932808acca99]     -0.1480  0.0008  0.0873    -0.3216    -0.2062    -0.1461    -0.0878     0.0192 11947 1.0005
b[(Intercept) id:c9f97fd844f151f11cf401a69576d9d9]                        0.0523  0.0007  0.0726    -0.0884     0.0033     0.0518     0.1008     0.1956 11179 1.0003
b[action_categorysimple actions id:c9f97fd844f151f11cf401a69576d9d9]     -0.0045  0.0007  0.0834    -0.1700    -0.0592    -0.0045     0.0507     0.1595 16141 0.9999
b[(Intercept) id:d290105c8bca9f1a8fe2a126da9b6f8e]                        0.0138  0.0007  0.0728    -0.1287    -0.0348     0.0140     0.0632     0.1555 10911 1.0000
b[action_categorysimple actions id:d290105c8bca9f1a8fe2a126da9b6f8e]     -0.0359  0.0007  0.0841    -0.2022    -0.0921    -0.0351     0.0205     0.1281 14933 0.9997
b[(Intercept) id:d8d148da95b59234d2be3e2711dfd625]                       -0.2176  0.0007  0.0739    -0.3670    -0.2670    -0.2163    -0.1673    -0.0771 10030 0.9997
b[action_categorysimple actions id:d8d148da95b59234d2be3e2711dfd625]      0.0268  0.0007  0.0857    -0.1395    -0.0305     0.0268     0.0824     0.1975 15859 0.9997
b[(Intercept) id:dfce79aa26ccf25037bfb4260f76ccd2]                        0.0994  0.0007  0.0735    -0.0439     0.0511     0.0993     0.1476     0.2438 10284 0.9999
b[action_categorysimple actions id:dfce79aa26ccf25037bfb4260f76ccd2]     -0.0190  0.0007  0.0858    -0.1874    -0.0767    -0.0187     0.0385     0.1497 14920 0.9997
b[(Intercept) id:e080b66c04ae4d88f2d50c5ed7b36660]                        0.1565  0.0008  0.0746     0.0122     0.1057     0.1556     0.2065     0.3066  9888 1.0003
b[action_categorysimple actions id:e080b66c04ae4d88f2d50c5ed7b36660]     -0.0982  0.0007  0.0860    -0.2742    -0.1547    -0.0959    -0.0399     0.0647 15183 1.0000
b[(Intercept) id:e2f7d66c256dc60c300d4ea69fc83fc9]                        0.0877  0.0008  0.0800    -0.0687     0.0333     0.0871     0.1410     0.2457  9324 0.9998
b[action_categorysimple actions id:e2f7d66c256dc60c300d4ea69fc83fc9]     -0.0989  0.0007  0.0851    -0.2695    -0.1542    -0.0975    -0.0401     0.0619 14908 0.9998
b[(Intercept) id:f026674829df48cf95ee32dbcb74e340]                        0.1178  0.0009  0.0861    -0.0516     0.0614     0.1182     0.1745     0.2890  8710 1.0001
b[action_categorysimple actions id:f026674829df48cf95ee32dbcb74e340]     -0.0468  0.0007  0.0844    -0.2176    -0.1014    -0.0466     0.0102     0.1135 14703 0.9997
b[(Intercept) id:f091c41243e2ff8fec9fac98746e8c5d]                       -0.1063  0.0008  0.0773    -0.2612    -0.1577    -0.1058    -0.0537     0.0434  9369 0.9999
b[action_categorysimple actions id:f091c41243e2ff8fec9fac98746e8c5d]     -0.1020  0.0007  0.0870    -0.2740    -0.1598    -0.1016    -0.0419     0.0641 14520 0.9998
b[(Intercept) id:f6251676c71306bc4680f4878bd3aa7e]                       -0.2242  0.0008  0.0797    -0.3861    -0.2770    -0.2218    -0.1694    -0.0721  9507 1.0001
b[action_categorysimple actions id:f6251676c71306bc4680f4878bd3aa7e]      0.0792  0.0007  0.0884    -0.0920     0.0197     0.0791     0.1370     0.2574 14307 0.9997
b[(Intercept) id:f6eb4ad474b0c3335c5ac3e40aa7113f]                        0.1141  0.0008  0.0754    -0.0330     0.0640     0.1140     0.1651     0.2645  8486 0.9997
b[action_categorysimple actions id:f6eb4ad474b0c3335c5ac3e40aa7113f]      0.0620  0.0007  0.0852    -0.1003     0.0034     0.0603     0.1186     0.2324 13909 0.9997
b[(Intercept) id:fb8d1d2b377b8a324c316eec87945484]                        0.1542  0.0008  0.0775     0.0053     0.1006     0.1537     0.2057     0.3081  8717 1.0002
b[action_categorysimple actions id:fb8d1d2b377b8a324c316eec87945484]     -0.1143  0.0007  0.0858    -0.2868    -0.1717    -0.1119    -0.0555     0.0479 13501 1.0003
b[(Intercept) id:ff7d7d253cdf16905b50f29695b958b5]                       -0.1070  0.0008  0.0777    -0.2571    -0.1584    -0.1068    -0.0533     0.0418  9522 1.0000
b[action_categorysimple actions id:ff7d7d253cdf16905b50f29695b958b5]      0.1506  0.0008  0.0880    -0.0139     0.0894     0.1493     0.2085     0.3291 13227 0.9999
b[(Intercept) id:_NEW_id]                                                 0.0008  0.0010  0.1440    -0.2842    -0.0933     0.0021     0.0940     0.2795 21257 0.9998
b[action_categorysimple actions id:_NEW_id]                              -0.0004  0.0009  0.1293    -0.2581    -0.0832    -0.0017     0.0839     0.2582 19584 1.0001
b[(Intercept) action:To_Argue]                                           -0.0267  0.0004  0.0439    -0.1122    -0.0558    -0.0264     0.0018     0.0608 10181 1.0001
b[angle0 action:To_Argue]                                                -0.0144  0.0003  0.0401    -0.1039    -0.0375    -0.0115     0.0107     0.0598 14958 0.9999
b[angle135 action:To_Argue]                                              -0.0007  0.0004  0.0405    -0.0823    -0.0256     0.0000     0.0241     0.0791 13182 1.0000
b[angle247 action:To_Argue]                                              -0.0146  0.0004  0.0446    -0.1096    -0.0415    -0.0120     0.0139     0.0687 12525 0.9999
b[(Intercept) action:To_Clean]                                           -0.0365  0.0004  0.0437    -0.1249    -0.0646    -0.0358    -0.0085     0.0491 11028 0.9999
b[angle0 action:To_Clean]                                                 0.0153  0.0003  0.0398    -0.0577    -0.0100     0.0123     0.0388     0.1018 16205 0.9999
b[angle135 action:To_Clean]                                              -0.0052  0.0003  0.0413    -0.0896    -0.0311    -0.0040     0.0210     0.0756 14732 0.9998
b[angle247 action:To_Clean]                                              -0.0135  0.0004  0.0451    -0.1076    -0.0409    -0.0119     0.0150     0.0741 11594 1.0003
b[(Intercept) action:To_Dance]                                            0.1342  0.0006  0.0519     0.0418     0.0980     0.1306     0.1673     0.2432  7301 1.0004
b[angle0 action:To_Dance]                                                 0.0294  0.0004  0.0471    -0.0602    -0.0007     0.0272     0.0586     0.1265 14428 0.9997
b[angle135 action:To_Dance]                                              -0.0069  0.0004  0.0491    -0.1093    -0.0371    -0.0062     0.0251     0.0893 12015 0.9999
b[angle247 action:To_Dance]                                              -0.0545  0.0006  0.0563    -0.1770    -0.0892    -0.0496    -0.0151     0.0438  8848 1.0001
b[(Intercept) action:To_Fight]                                           -0.0208  0.0004  0.0435    -0.1089    -0.0490    -0.0207     0.0083     0.0628 10325 1.0001
b[angle0 action:To_Fight]                                                -0.0028  0.0003  0.0377    -0.0812    -0.0253    -0.0022     0.0200     0.0730 17381 0.9998
b[angle135 action:To_Fight]                                               0.0123  0.0003  0.0401    -0.0655    -0.0126     0.0109     0.0358     0.0979 14105 0.9999
b[angle247 action:To_Fight]                                              -0.0028  0.0004  0.0434    -0.0927    -0.0293    -0.0028     0.0241     0.0834 13104 0.9997
b[(Intercept) action:To_Get_Attention]                                   -0.0043  0.0005  0.0443    -0.0881    -0.0334    -0.0059     0.0244     0.0866  8904 1.0005
b[angle0 action:To_Get_Attention]                                         0.0094  0.0004  0.0399    -0.0696    -0.0151     0.0084     0.0325     0.0938 12835 1.0002
b[angle135 action:To_Get_Attention]                                      -0.0299  0.0004  0.0441    -0.1292    -0.0550    -0.0251    -0.0002     0.0463 10160 1.0000
b[angle247 action:To_Get_Attention]                                      -0.0288  0.0005  0.0463    -0.1284    -0.0563    -0.0255     0.0017     0.0551 10495 0.9998
b[(Intercept) action:To_Grab]                                            -0.0621  0.0004  0.0441    -0.1526    -0.0912    -0.0605    -0.0320     0.0214 10607 0.9999
b[angle0 action:To_Grab]                                                  0.0025  0.0003  0.0404    -0.0762    -0.0224     0.0015     0.0259     0.0869 15072 1.0000
b[angle135 action:To_Grab]                                                0.0071  0.0003  0.0413    -0.0757    -0.0193     0.0059     0.0322     0.0929 14747 0.9998
b[angle247 action:To_Grab]                                               -0.0046  0.0004  0.0449    -0.0951    -0.0331    -0.0041     0.0242     0.0847 11900 1.0001
b[(Intercept) action:To_Hammer]                                           0.0178  0.0004  0.0429    -0.0668    -0.0105     0.0172     0.0458     0.1027 11268 1.0000
b[angle0 action:To_Hammer]                                                0.0133  0.0003  0.0386    -0.0598    -0.0110     0.0112     0.0364     0.0951 17124 0.9999
b[angle135 action:To_Hammer]                                             -0.0016  0.0003  0.0407    -0.0818    -0.0267    -0.0018     0.0225     0.0827 15159 0.9998
b[angle247 action:To_Hammer]                                              0.0029  0.0004  0.0438    -0.0833    -0.0245     0.0020     0.0296     0.0945 14100 1.0001
b[(Intercept) action:To_Hurry_up]                                        -0.0065  0.0004  0.0438    -0.0927    -0.0353    -0.0074     0.0221     0.0813 11103 1.0000
b[angle0 action:To_Hurry_up]                                             -0.0284  0.0004  0.0422    -0.1232    -0.0525    -0.0243    -0.0005     0.0439 12863 0.9997
b[angle135 action:To_Hurry_up]                                            0.0302  0.0004  0.0443    -0.0482     0.0006     0.0266     0.0561     0.1269 10935 0.9997
b[angle247 action:To_Hurry_up]                                            0.0201  0.0004  0.0471    -0.0657    -0.0110     0.0172     0.0484     0.1220 11827 0.9997
b[(Intercept) action:To_Jump]                                             0.0470  0.0004  0.0446    -0.0369     0.0173     0.0454     0.0752     0.1390 10179 0.9999
b[angle0 action:To_Jump]                                                  0.0244  0.0003  0.0404    -0.0503    -0.0015     0.0212     0.0482     0.1117 13520 1.0000
b[angle135 action:To_Jump]                                               -0.0160  0.0004  0.0439    -0.1109    -0.0420    -0.0139     0.0120     0.0683 11990 0.9997
b[angle247 action:To_Jump]                                               -0.0427  0.0005  0.0488    -0.1535    -0.0710    -0.0374    -0.0092     0.0403  9883 1.0001
b[(Intercept) action:To_Kick]                                             0.0296  0.0004  0.0433    -0.0531     0.0012     0.0278     0.0566     0.1190 10342 0.9997
b[angle0 action:To_Kick]                                                  0.0061  0.0003  0.0389    -0.0727    -0.0168     0.0051     0.0295     0.0853 16671 0.9999
b[angle135 action:To_Kick]                                               -0.0158  0.0004  0.0411    -0.1043    -0.0397    -0.0132     0.0110     0.0600 11557 0.9997
b[angle247 action:To_Kick]                                               -0.0268  0.0004  0.0451    -0.1264    -0.0535    -0.0234     0.0030     0.0535 10637 0.9999
b[(Intercept) action:To_Lift]                                             0.1500  0.0005  0.0490     0.0588     0.1165     0.1477     0.1815     0.2542  9926 1.0002
b[angle0 action:To_Lift]                                                  0.0349  0.0004  0.0492    -0.0569     0.0028     0.0315     0.0644     0.1392 13285 0.9999
b[angle135 action:To_Lift]                                               -0.0014  0.0005  0.0504    -0.1021    -0.0339    -0.0011     0.0317     0.0995 11159 1.0002
b[angle247 action:To_Lift]                                               -0.0155  0.0005  0.0534    -0.1245    -0.0495    -0.0135     0.0202     0.0856 10442 1.0000
b[(Intercept) action:To_Play_a_Sport]                                    -0.0264  0.0004  0.0429    -0.1111    -0.0543    -0.0261     0.0016     0.0590 11212 1.0000
b[angle0 action:To_Play_a_Sport]                                         -0.0152  0.0003  0.0392    -0.0999    -0.0376    -0.0130     0.0095     0.0586 15641 0.9997
b[angle135 action:To_Play_a_Sport]                                        0.0009  0.0003  0.0407    -0.0818    -0.0233     0.0010     0.0256     0.0822 14241 0.9998
b[angle247 action:To_Play_a_Sport]                                       -0.0010  0.0004  0.0435    -0.0891    -0.0274    -0.0003     0.0254     0.0865 13797 0.9998
b[(Intercept) action:To_Play_an_Instrument]                               0.0747  0.0005  0.0473    -0.0108     0.0422     0.0719     0.1039     0.1753  8411 1.0006
b[angle0 action:To_Play_an_Instrument]                                   -0.0009  0.0004  0.0417    -0.0908    -0.0254     0.0008     0.0251     0.0794 13704 0.9999
b[angle135 action:To_Play_an_Instrument]                                  0.0010  0.0004  0.0424    -0.0866    -0.0249     0.0022     0.0281     0.0846 12386 1.0001
b[angle247 action:To_Play_an_Instrument]                                 -0.0372  0.0005  0.0487    -0.1429    -0.0661    -0.0330    -0.0038     0.0482 10779 1.0000
b[(Intercept) action:To_Point]                                           -0.0512  0.0004  0.0442    -0.1412    -0.0798    -0.0499    -0.0220     0.0335 10901 0.9997
b[angle0 action:To_Point]                                                 0.0157  0.0004  0.0401    -0.0564    -0.0098     0.0122     0.0384     0.1049 12976 0.9999
b[angle135 action:To_Point]                                              -0.0112  0.0004  0.0424    -0.1006    -0.0369    -0.0100     0.0156     0.0721 13914 0.9999
b[angle247 action:To_Point]                                              -0.0122  0.0004  0.0453    -0.1056    -0.0399    -0.0101     0.0174     0.0736 12617 1.0001
b[(Intercept) action:To_Punch]                                           -0.0352  0.0004  0.0435    -0.1231    -0.0630    -0.0343    -0.0069     0.0497 11888 0.9997
b[angle0 action:To_Punch]                                                 0.0043  0.0003  0.0392    -0.0720    -0.0196     0.0027     0.0261     0.0877 15882 0.9998
b[angle135 action:To_Punch]                                              -0.0018  0.0003  0.0408    -0.0837    -0.0270    -0.0016     0.0233     0.0802 15075 0.9998
b[angle247 action:To_Punch]                                              -0.0005  0.0004  0.0442    -0.0892    -0.0284    -0.0009     0.0275     0.0892 13385 1.0001
b[(Intercept) action:To_Push]                                             0.0153  0.0004  0.0445    -0.0701    -0.0144     0.0146     0.0430     0.1070  9878 1.0001
b[angle0 action:To_Push]                                                  0.0366  0.0004  0.0433    -0.0351     0.0070     0.0308     0.0613     0.1358 11747 0.9998
b[angle135 action:To_Push]                                               -0.0318  0.0004  0.0439    -0.1267    -0.0569    -0.0284    -0.0028     0.0465 10513 1.0001
b[angle247 action:To_Push]                                               -0.0171  0.0004  0.0465    -0.1150    -0.0450    -0.0153     0.0122     0.0729 10856 0.9999
b[(Intercept) action:To_Stretch]                                         -0.0329  0.0005  0.0449    -0.1222    -0.0623    -0.0332    -0.0032     0.0548  9197 1.0003
b[angle0 action:To_Stretch]                                               0.0230  0.0004  0.0428    -0.0539    -0.0046     0.0190     0.0482     0.1179 11769 0.9997
b[angle135 action:To_Stretch]                                            -0.0045  0.0004  0.0444    -0.0968    -0.0307    -0.0035     0.0227     0.0835 10222 1.0000
b[angle247 action:To_Stretch]                                            -0.0557  0.0005  0.0523    -0.1748    -0.0860    -0.0498    -0.0186     0.0296 10103 1.0000
b[(Intercept) action:To_Wave]                                            -0.0589  0.0004  0.0437    -0.1477    -0.0870    -0.0577    -0.0297     0.0235 10197 0.9998
b[angle0 action:To_Wave]                                                 -0.0119  0.0003  0.0412    -0.0988    -0.0366    -0.0103     0.0134     0.0700 13941 0.9999
b[angle135 action:To_Wave]                                                0.0330  0.0004  0.0438    -0.0446     0.0034     0.0292     0.0593     0.1290 12048 0.9999
b[angle247 action:To_Wave]                                               -0.0093  0.0004  0.0467    -0.1044    -0.0374    -0.0091     0.0200     0.0831 11701 1.0002
b[(Intercept) action:_NEW_action]                                         0.0008  0.0005  0.0755    -0.1485    -0.0454     0.0002     0.0476     0.1531 20215 0.9998
b[angle0 action:_NEW_action]                                              0.0000  0.0004  0.0495    -0.1027    -0.0281     0.0006     0.0279     0.1015 13898 0.9998
b[angle135 action:_NEW_action]                                            0.0005  0.0004  0.0498    -0.1002    -0.0281     0.0008     0.0295     0.1018 12270 0.9998
b[angle247 action:_NEW_action]                                           -0.0005  0.0005  0.0563    -0.1165    -0.0333    -0.0003     0.0326     0.1135 12830 0.9999
sigma                                                                     0.4456  0.0001  0.0066     0.4329     0.4411     0.4454     0.4500     0.4590 17057 0.9997
Sigma[id:(Intercept),(Intercept)]                                         0.0207  0.0001  0.0069     0.0104     0.0159     0.0196     0.0244     0.0369  4810 1.0010
Sigma[id:action_categorysimple actions,(Intercept)]                      -0.0081  0.0001  0.0053    -0.0206    -0.0111    -0.0074    -0.0044     0.0002  5104 1.0007
Sigma[id:action_categorysimple actions,action_categorysimple actions]     0.0174  0.0001  0.0072     0.0066     0.0122     0.0162     0.0211     0.0348  4177 1.0010
Sigma[action:(Intercept),(Intercept)]                                     0.0056  0.0000  0.0028     0.0018     0.0036     0.0051     0.0069     0.0127  4921 0.9999
Sigma[action:angle0,(Intercept)]                                          0.0002  0.0000  0.0013    -0.0026    -0.0004     0.0003     0.0009     0.0027 11072 0.9998
Sigma[action:angle135,(Intercept)]                                       -0.0006  0.0000  0.0014    -0.0037    -0.0012    -0.0004     0.0003     0.0017  8484 0.9997
Sigma[action:angle247,(Intercept)]                                       -0.0009  0.0000  0.0016    -0.0047    -0.0016    -0.0007     0.0001     0.0015  5664 1.0004
Sigma[action:angle0,angle0]                                               0.0024  0.0000  0.0019     0.0003     0.0011     0.0019     0.0031     0.0072  7154 0.9999
Sigma[action:angle135,angle0]                                            -0.0001  0.0000  0.0011    -0.0024    -0.0006    -0.0001     0.0003     0.0021  7608 1.0000
Sigma[action:angle247,angle0]                                            -0.0002  0.0000  0.0010    -0.0023    -0.0007    -0.0002     0.0003     0.0017  6744 1.0001
Sigma[action:angle135,angle135]                                           0.0025  0.0000  0.0017     0.0004     0.0013     0.0020     0.0032     0.0070  5444 0.9999
Sigma[action:angle247,angle135]                                           0.0006  0.0000  0.0012    -0.0013    -0.0001     0.0003     0.0010     0.0038  5730 1.0005
Sigma[action:angle247,angle247]                                           0.0031  0.0000  0.0022     0.0005     0.0015     0.0026     0.0040     0.0087  6336 0.9999
mean_PPD                                                                  0.6141  0.0001  0.0127     0.5889     0.6057     0.6141     0.6226     0.6392 10094 0.9998
log-posterior                                                         -1729.9595  0.2485 12.2861 -1754.9151 -1738.0647 -1729.5306 -1721.5451 -1706.5647  2445 1.0011

Samples were drawn using NUTS(diag_e) at Fri Nov 16 22:21:39 2018.
For each parameter, n_eff is a crude measure of effective sample size,
and Rhat is the potential scale reduction factor on split chains (at 
convergence, Rhat=1).

Computed from 10000 by 2438 log-likelihood matrix

           Estimate      SE
elpd_loo -1527.4650 20.5559
p_loo       75.2845  1.2710
looic     3054.9300 41.1119
------
Monte Carlo SE of elpd_loo is 0.0925.

All Pareto k estimates are good (k < 0.5).
See help('pareto-k-diagnostic') for details.
